time jobId jobSize runtime tasks user
559 1 3 934 940;981;880 5
840 2 2 962 760;1163 9
957 3 5 406 1153;92;253;329;202 114
1150 4 3 906 1261;989;467 7
1206 5 2 990 626;1355 3
1467 6 3 473 822;367;229 179
2211 7 1 1298 1298 1
7496 8 3 998 1311;747;937 1
15334 9 2 878 597;1160 17
16177 10 10 520 219;421;172;422;701;323;484;1175;1040;238 58
16441 11 2 862 807;917 3
17655 12 4 923 1081;360;761;1489 103
21043 13 53 729 988;912;1130;590;867;188;1281;1198;755;979;604;436;1228;227;660;1329;1075;989;493;404;464;809;1031;975;739;296;964;498;900;623;89;410;809;670;559;281;1086;461;358;779;1219;747;1013;257;467;595;741;839;712;303;662;836;1126 2
21277 14 1 660 660 67
21315 15 3 276 127;129;571 3
21353 16 3 663 437;576;976 3
21830 17 4 856 1250;255;851;1067 1
21840 18 2 604 246;963 9
21884 19 2 572 970;173 1
21891 20 3 887 892;1029;739 7
21951 21 4 792 908;813;837;608 7
21996 22 10 614 545;681;298;573;285;1345;831;306;675;604 2
22061 23 2 686 452;920 1
22140 24 4 350 160;518;167;557 215
22319 25 1 797 797 2
22445 26 18 699 378;953;327;834;607;389;1078;991;250;862;929;899;543;746;810;635;900;457 8
23088 27 7 656 587;387;464;109;735;955;1352 1
23428 28 6 761 106;1268;227;1292;744;927 9
23917 29 12 657 1259;338;148;949;1209;279;385;549;302;982;818;671 4
23983 30 5 700 453;72;1171;1044;759 2
24236 31 6 855 599;870;534;1454;670;1005 4
24242 32 5 756 838;447;784;491;1222 3
24263 33 4 650 75;421;1177;928 1
24304 34 1 1073 1073 12
24386 35 13 711 840;296;591;677;826;1369;566;1347;428;463;989;385;467 24
24402 36 2 349 307;391 168
24577 37 5 821 1432;650;1072;527;423 1
24586 38 3 619 619;766;471 1
24757 39 2 712 545;879 1
24780 40 6 808 1352;1176;555;457;566;744 2
24853 41 2 494 697;292 2
24888 42 1 74 74 16
24931 43 3 771 803;924;587 7
25009 44 2 151 146;156 21
25201 45 1 451 451 24
25332 46 7 582 638;418;850;1026;186;228;725 1
25463 47 2 700 948;453 9
25567 48 3 420 605;354;300 65
25657 49 3 687 1212;379;470 3
25925 50 5 742 304;1037;891;837;641 5
25960 51 10 436 611;570;702;674;202;566;133;308;180;409 37
26136 52 4 449 80;825;636;254 7
26601 53 2 428 571;284 1
27672 54 3 713 1129;470;539 6
27719 55 2 622 735;508 8
27886 56 3 739 708;1048;462 26
28034 57 2 734 633;836 18
28091 58 3 685 757;714;583 41
28199 59 2 820 608;1033 1
28266 60 9 750 1157;769;484;692;486;1490;420;968;288 38
28275 61 2 517 268;766 124
28282 62 2 754 515;993 11
28303 63 5 713 450;603;501;1169;844 8
28307 64 7 793 454;1106;566;1170;623;887;748 6
28319 65 7 526 677;508;955;660;132;488;264 10
28343 66 2 320 214;427 1
28537 67 2 588 786;390 2
28598 68 1 632 632 5
28623 69 13 520 315;316;257;394;825;590;506;893;1494;132;661;196;176 5
28713 70 2 620 980;259 3
28882 71 14 638 421;236;1238;534;384;968;865;207;886;280;888;938;516;568 1
28912 72 3 528 102;1063;420 9
28920 73 2 362 308;415 14
28940 74 5 584 261;577;970;718;393 1
29048 75 5 554 494;412;164;687;1012 1
29233 76 4 571 713;92;318;1160 16
29309 77 2 276 217;334 1
29853 78 2 858 765;950 17
30008 79 10 570 900;1022;575;495;377;645;996;318;129;245 50
30040 80 6 565 588;234;212;709;1047;602 7
30449 81 1 1140 1140 1
30474 82 2 516 266;767 39
30753 83 4 682 418;1138;1089;82 1
30758 84 4 763 1096;167;1273;516 1
31041 85 4 513 235;1017;281;518 2
31404 86 2 625 584;666 2
31486 87 9 733 960;1013;863;751;780;732;284;1079;136 14
31495 88 6 625 971;503;674;202;525;874 51
31700 89 5 518 604;661;176;1002;149 1
32050 90 7 623 758;328;686;624;707;624;634 1
32102 91 10 681 1245;99;643;148;961;1173;961;672;159;749 1
32114 92 2 368 552;183 2
32125 93 12 533 423;740;245;663;258;372;573;827;488;644;319;840 1
32171 94 15 685 908;656;549;1357;900;283;428;304;188;1056;255;800;789;983;818 38
32332 95 2 682 102;1262 3
32347 96 8 850 373;920;690;1482;1090;730;351;1161 43
32459 97 5 645 546;490;833;261;1095 1
32583 98 2 806 133;1480 153
32603 99 7 580 402;573;361;408;214;1425;674 1
32775 100 2 389 283;495 1
32991 101 1 177 177 1
33050 102 2 1321 1308;1334 9
33124 103 5 559 511;831;746;335;373 18
33158 104 10 628 265;406;948;534;594;129;1016;747;308;1338 35
33365 105 5 694 570;774;1150;733;245 5
33395 106 7 781 1279;1298;825;1039;417;474;135 3
33412 107 3 789 869;1209;290 1
33662 108 1 715 715 354
33672 109 3 698 984;668;442 3
33679 110 2 836 1201;470 1
33876 111 2 466 442;490 2
33937 112 4 586 835;168;948;395 1
33947 113 2 656 825;488 2
34175 114 4 737 748;419;1111;670 7
34328 115 3 365 685;271;138 1
34423 116 1 1078 1078 4
35043 117 2 283 388;178 2
35075 118 2 520 573;467 47
35183 119 3 702 525;1213;368 36
35468 120 3 620 334;636;891 2
35503 121 44 602 319;1314;608;1024;795;575;673;925;356;883;996;753;235;872;196;922;129;524;480;519;377;73;573;408;474;864;87;560;809;525;475;639;1024;435;681;637;482;628;492;1475;393;837;242;195 3
35530 122 11 677 409;1242;957;1093;208;94;952;455;443;975;619 1
35628 123 3 385 244;193;718 74
35720 124 3 908 553;1345;827 1
35823 125 2 369 249;489 110
35849 126 2 636 346;927 9
35907 127 2 780 454;1105 2
35925 128 5 810 761;580;507;993;1208 1
36059 129 3 592 942;268;565 2
36174 130 8 435 199;308;167;986;510;419;811;82 8
36242 131 6 567 1025;532;430;622;210;584 2
36312 132 4 596 405;737;482;760 1
36371 133 2 440 173;706 1
36531 134 2 794 605;984 10
36832 135 6 806 1123;1151;458;837;571;695 19
36888 136 2 392 443;340 1
37039 137 3 319 140;683;134 1
37384 138 8 839 714;616;1214;661;468;1304;1399;337 11
37541 139 7 580 1021;203;162;732;896;807;237 12
37568 140 5 750 525;817;648;1091;667 29
37745 141 3 530 399;111;1079 1
37753 142 4 593 287;1015;489;582 2
37905 143 3 493 198;559;722 8
38139 144 6 715 896;542;566;550;985;753 1
38441 145 2 982 1029;935 3
38468 146 5 754 759;140;678;1065;1130 1
38479 147 2 838 815;860 31
39049 148 2 850 888;813 1
39058 149 3 416 430;629;190 1
39111 150 14 677 416;996;477;1068;447;195;112;1039;1203;607;1138;527;849;404 1
39241 151 5 474 111;452;1191;269;349 2
39261 152 6 884 1239;100;663;1279;1312;708 10
40157 153 2 717 850;584 1
40208 154 5 597 644;792;561;458;531 2
40507 155 2 562 829;294 1
40532 156 7 766 452;340;1163;604;1440;851;510 2
40541 157 2 240 338;142 1
40896 158 2 736 1061;410 1
40903 159 3 649 471;448;1029 1
40915 160 15 595 1287;171;245;671;851;1245;73;595;941;494;382;231;634;649;450 7
41166 161 1 441 441 11
41198 162 3 601 740;774;289 16
41276 163 2 796 471;1122 4
41389 164 2 523 355;691 4
41547 165 2 508 503;512 53
41868 166 1 168 168 8
41887 167 3 599 990;481;326 1
41936 168 2 714 669;758 4
42097 169 10 658 1162;751;283;407;735;129;584;759;1266;500 2
42244 170 36 661 891;1172;926;379;361;940;734;444;401;444;661;586;506;769;1049;727;1236;1172;353;854;261;1422;494;418;383;335;278;948;84;483;508;985;583;860;748;389 290
42394 171 2 632 826;438 1
42423 172 3 780 762;427;1150 24
42696 173 2 372 313;431 1
42913 174 2 401 265;537 1
42928 175 7 720 722;663;1139;1035;341;455;682 1
42954 176 2 776 454;1097 2
42983 177 11 736 428;598;837;492;82;1062;1089;1170;862;891;587 17
43906 178 12 719 1353;723;588;886;1191;655;1208;85;815;276;589;258 54
43998 179 4 430 317;615;356;433 1
44354 180 2 370 395;346 29
44365 181 3 442 442;455;430 130
44501 182 5 556 203;497;830;401;849 2
44539 183 1 808 808 241
44754 184 2 465 492;438 3
45334 185 3 775 1058;560;706 43
45344 186 2 514 785;243 80
45368 187 6 648 753;375;1141;81;633;904 3
45508 188 15 691 111;659;1167;729;374;467;312;1228;651;547;605;818;302;1301;1099 1
45708 189 1 1303 1303 333
45818 190 2 542 345;740 1
45920 191 5 798 528;729;937;498;1299 1
46161 192 6 612 865;852;95;345;970;547 71
46477 193 19 670 1154;678;344;839;588;193;488;1003;1240;154;252;733;1266;1091;1003;281;858;373;184 115
46636 194 4 690 586;1025;448;703 4
46725 195 3 395 495;307;383 10
46961 196 2 607 240;974 12
47066 197 3 441 283;334;705 5
47084 198 3 926 1285;739;754 292
47265 199 3 377 154;444;532 2
47448 200 15 790 830;531;943;484;958;918;950;255;1087;549;731;606;906;1070;1029 4
47484 201 5 829 941;646;896;624;1036 2
47602 202 1 456 456 1
48787 203 4 731 834;476;906;709 1
48986 204 7 629 659;294;933;548;1225;382;363 6
49315 205 3 1096 961;1320;1006 1
49390 206 6 733 1303;429;478;545;531;1110 26
49554 207 2 498 724;273 41
51331 208 2 772 917;628 1
51488 209 4 781 1077;209;867;970 5
51694 210 3 547 598;302;740 1
51715 211 8 644 895;138;1053;568;627;371;347;1153 7
51850 212 3 577 314;1210;207 8
52034 213 4 530 65;952;904;200 2
52047 214 2 568 514;622 1
52168 215 1 385 385 21
52400 216 7 655 556;1482;713;452;346;407;628 3
54022 217 3 562 737;333;616 1
54041 218 6 886 697;301;902;1411;1008;997 34
54156 219 4 508 469;1335;79;147 3
54376 220 2 770 152;1387 6
54660 221 2 574 609;538 1
54837 222 3 392 492;370;314 4
54864 223 2 540 900;180 260
55769 224 6 582 449;1220;813;67;656;288 160
56070 225 3 751 703;846;703 1
56106 226 2 528 602;453 268
56225 227 1 606 606 2
56279 228 3 932 385;1262;1150 2
56585 229 1 499 499 10
56742 230 12 670 675;1063;242;669;628;1008;820;1098;507;192;323;809 1
57077 231 1 905 905 1
57093 232 3 910 1007;592;1130 296
57502 233 2 386 518;254 1
57647 234 4 1138 1206;1233;1324;787 4
58120 235 6 477 324;714;246;213;492;875 116
58194 236 5 844 579;1003;833;884;922 10
58323 237 2 794 794;795 4
58409 238 2 822 1242;403 9
58449 239 2 956 684;1227 1
58632 240 3 637 759;776;375 5
58644 241 43 598 519;621;819;541;878;631;305;411;173;1205;928;242;929;201;298;313;839;163;1317;597;707;434;396;739;336;416;721;583;622;1008;339;453;752;160;186;489;594;743;917;1136;799;561;687 19
59835 242 19 722 632;385;946;616;762;661;389;183;983;348;423;404;1290;1263;1141;657;802;867;972 9
59949 243 3 445 466;369;499 5
59971 244 1 457 457 1
60538 245 3 517 319;752;481 5
61122 246 4 728 480;713;409;1310 1
61205 247 1 1137 1137 88
61257 248 1 399 399 1
61333 249 4 346 621;253;265;243 31
61378 250 1 1076 1076 1
64052 251 2 562 597;528 249
64351 252 2 459 560;358 3
64363 253 4 538 492;785;624;250 2
64388 254 5 681 529;853;502;360;1161 1
64712 255 4 532 458;632;862;174 1
64893 256 2 614 711;516 2
64914 257 5 482 560;751;91;302;707 6
64934 258 3 467 434;646;320 4
65546 259 5 695 190;611;1047;1041;585 2
65985 260 3 1034 1203;1218;681 4
66061 261 5 932 1070;1061;1027;1171;332 2
67583 262 1 731 731 13
67943 263 1 693 693 197
68173 264 2 696 486;906 3
68690 265 5 1010 568;1369;1192;730;1189 1
69832 266 3 652 368;1403;186 1
70200 267 12 572 275;1052;377;260;294;454;467;478;634;624;1161;791 248
70346 268 2 1030 1042;1017 7
70566 269 6 528 372;162;740;831;561;499 16
70948 270 14 724 695;785;899;795;525;850;1024;1001;234;563;818;1041;357;549 2
71037 271 9 687 992;656;1077;498;915;690;238;378;737 7
71445 272 7 617 587;879;242;892;1060;75;583 1
72229 273 19 667 633;677;825;923;620;324;682;1322;597;644;1163;233;470;790;528;774;106;609;759 1
72690 274 3 675 852;360;813 1
76512 275 6 682 969;192;379;1188;762;600 3
76972 276 2 308 396;219 143
77106 277 3 638 322;598;993 23
77752 278 2 796 606;987 2
78002 279 2 787 1036;538 190
82417 280 12 614 580;237;449;681;1323;529;758;564;279;450;443;1077 3
82530 281 8 542 723;663;389;136;1057;185;725;461 1
82831 282 3 902 711;855;1141 54
83594 283 7 820 369;1093;891;1101;708;763;813 9
83944 284 9 637 411;375;758;562;672;1130;1416;334;75 2
85927 285 2 1162 1414;911 2
85956 286 10 684 495;830;1276;852;1042;401;405;379;775;388 7
86594 287 17 746 711;66;676;695;759;541;1097;844;730;1168;1096;350;802;756;769;802;820 1
