time jobId jobSize runtime tasks user peer
547 1 28 847 923;791;473;1091;640;733;1347;602;1036;964;812;1199;388;823;1462;1114;817;385;807;1459;954;490;361;1001;1579;817;395;251 4 1
5693 2 5 537 427;580;256;728;696 1 7
5801 3 3 957 1131;1166;575 40 6
7564 4 3 724 681;558;933 80 8
8017 5 1 593 593 5 2
9531 6 4 903 520;912;1128;1052 70 7
10895 7 6 888 1090;637;464;812;817;1507 1 7
11214 8 5 1006 1482;1037;1040;1144;326 2 7
13884 9 17 849 1067;1134;1105;318;791;1468;1199;403;1362;1024;864;1010;183;293;1045;748;426 1 7
14107 10 11 954 1185;1380;773;917;1342;843;868;1153;650;771;614 1 7
20632 11 3 1316 963;1442;1544 1 7
21100 12 5 938 1225;803;1045;767;850 1 7
21177 13 3 627 123;350;1407 8 2
21299 14 5 827 1078;254;877;908;1019 29 7
21341 15 2 1509 1624;1394 7 9
21414 16 5 819 730;1079;768;609;910 50 1
21427 17 5 731 464;1216;713;284;976 15 4
21473 18 2 745 362;1128 168 1
21757 19 3 1186 1739;959;859 2 7
21886 20 8 910 1657;424;803;1077;687;670;1258;701 2 7
21953 21 12 777 710;1078;825;645;678;90;1265;472;921;793;1356;494 46 2
22012 22 1 912 912 1 7
22170 23 2 989 1212;766 3 4
22348 24 5 968 1008;676;857;889;1412 1 7
22511 25 8 897 176;1134;384;1030;906;1305;1198;1045 1 7
22679 26 6 930 1096;827;325;788;1153;1394 22 9
22713 27 4 995 303;872;1346;1459 9 4
22771 28 1 524 524 27 1
22775 29 2 724 880;568 1 7
22804 30 1 1326 1326 31 5
23097 31 3 662 571;624;792 1 7
23104 32 5 723 593;1145;464;369;1043 1 7
25001 33 10 894 583;1204;630;1223;327;860;1327;1076;553;1158 149 6
25065 34 27 959 1256;1009;1410;1522;731;1119;1092;844;927;1369;1448;207;1108;1248;969;1242;485;341;760;1307;924;702;776;509;445;1152;988 1 7
25156 35 6 985 947;1202;1539;1095;201;926 15 4
26402 36 4 1402 1349;1464;1582;1214 36 1
26411 37 7 978 979;1325;831;1047;1353;161;1148 34 1
26749 38 2 962 839;1085 16 2
26755 39 2 1220 1110;1329 8 2
26987 40 5 1114 1274;587;1125;1288;1298 2 7
27013 41 7 648 1241;209;525;269;630;913;747 19 9
27136 42 8 905 611;863;753;1114;1653;341;652;1254 1 7
27223 43 2 714 475;952 4 1
27360 44 1 371 371 262 2
27678 45 2 606 818;395 1 7
28292 46 1 1434 1434 305 8
28927 47 20 1007 753;741;1031;1002;1098;1631;1197;1722;719;253;845;1158;1213;969;188;1144;448;1398;1615;1018 5 2
29024 48 3 643 374;586;970 13 9
29095 49 4 984 494;1165;1059;1220 1 7
29098 50 3 1019 876;1293;889 1 7
29143 51 3 1047 1119;870;1152 5 2
29164 52 10 793 718;1047;1563;847;261;1177;874;1012;185;250 7 9
29212 53 120 855 401;422;1338;1575;1212;883;1129;734;485;366;904;1082;1170;969;566;295;677;641;1008;1154;848;1208;1591;336;929;1573;1166;1439;1138;158;88;409;1142;640;925;670;858;122;1601;1163;1115;1322;218;1009;984;928;268;1473;1350;797;662;1161;431;911;569;710;196;160;1344;146;1601;61;417;1233;1395;745;1096;1029;1075;1592;1144;1247;1367;417;1277;928;260;1396;735;655;1426;1135;782;713;745;693;399;463;699;786;539;564;569;1134;274;818;962;811;878;769;464;302;435;1080;1558;871;621;1180;1129;746;666;1031;1174;827;1562;481;712;789;1012;397 1 7
29662 54 3 1082 1732;422;1091 70 7
29692 55 2 1098 1231;964 1 7
30288 56 4 862 560;483;1456;951 36 1
30408 57 2 993 788;1198 15 4
30419 58 5 746 809;897;454;1238;330 12 3
30489 59 4 904 1105;606;1005;899 4 1
30782 60 5 1103 1029;764;1183;1415;1125 1 7
32174 61 4 950 382;1340;1465;615 47 7
32233 62 2 615 152;1078 3 4
32385 63 4 1180 1126;961;1386;1246 296 2
32437 64 2 1136 1320;951 2 7
32442 65 15 903 470;1269;462;1132;591;260;994;607;1547;843;638;1043;809;1735;1142 37 3
32658 66 3 747 696;573;971 3 4
32681 67 3 726 820;746;612 3 4
32768 68 1 1142 1142 1 7
34199 69 2 1060 977;1144 1 7
34274 70 3 904 951;550;1212 7 9
34319 71 25 1033 1021;1072;942;1286;1305;1354;1620;938;417;1350;546;306;1494;1391;1230;743;1345;784;615;1252;733;1591;595;1480;426 5 2
34387 72 2 1259 1022;1496 51 2
34393 73 4 982 737;212;1539;1438 77 9
34784 74 4 598 297;425;743;929 1 7
34865 75 2 1280 1695;865 8 2
35023 76 2 986 1187;784 138 8
35099 77 2 518 649;388 33 7
37364 78 2 726 691;762 1 7
37443 79 11 953 1104;1264;488;1524;1177;1136;840;529;661;1069;690 3 4
37464 80 3 706 893;422;802 4 1
37528 81 40 860 414;1085;1136;911;1147;595;961;404;895;1222;1190;1555;646;432;877;996;964;1166;307;398;690;1402;1672;671;847;646;897;1093;1198;728;349;1111;137;1351;698;655;777;998;820;366 15 4
37743 82 6 909 1176;985;1074;753;498;967 1 7
37908 83 2 1149 1206;1092 1 7
38070 84 13 1073 1170;690;1100;1179;1510;344;1268;1052;565;1378;589;1623;1483 8 2
38109 85 7 796 1169;425;624;469;1214;423;1247 13 9
38143 86 10 672 341;598;306;120;424;1569;498;1252;1087;528 111 8
38153 87 5 850 416;776;1224;1416;418 1 7
38163 88 9 847 1578;1254;1026;792;776;240;774;452;728 1 7
38167 89 3 1074 903;852;1466 22 9
38215 90 4 1102 768;1567;673;1402 1 7
38239 91 5 660 787;561;396;819;735 13 9
38298 92 1 361 361 1 7
38320 93 2 851 571;1131 10 3
38452 94 2 1428 1585;1271 82 9
38537 95 11 854 954;1072;236;1140;453;281;1142;689;893;1102;1435 252 9
38609 96 2 744 431;1058 11 2
38661 97 5 762 814;964;368;1485;179 346 1
38764 98 2 1305 1012;1598 81 3
38795 99 2 1118 1615;620 21 2
38864 100 1 400 400 7 9
38868 101 34 847 973;1155;741;959;716;253;1398;780;858;400;676;1245;1328;455;881;1053;1361;1093;835;352;1039;1169;438;1252;837;396;821;792;1189;1186;360;958;447;407 1 7
38896 102 5 925 998;1217;638;659;1113 43 2
38917 103 2 586 727;444 5 2
38933 104 2 936 985;886 64 1
39002 105 1 222 222 2 7
39115 106 5 1070 919;843;1459;1267;861 119 5
39143 107 3 841 1051;744;729 172 1
39284 108 3 1071 524;1283;1406 2 7
39295 109 1 1275 1275 1 7
39329 110 6 675 1434;341;607;324;757;588 347 2
39335 111 2 1344 1044;1644 134 7
39352 112 2 898 956;839 3 4
39446 113 7 852 1079;1192;631;524;1258;575;704 3 4
39999 114 6 720 1247;423;372;1063;815;397 2 7
40023 115 2 828 1250;407 9 4
40210 116 1 674 674 3 4
40242 117 2 1131 1077;1185 1 7
40252 118 2 584 501;666 1 7
40287 119 3 813 332;1104;1002 1 7
40322 120 2 1035 1462;608 5 2
40716 121 4 625 770;1295;315;119 2 7
40747 122 1 798 798 9 4
40781 123 6 1242 1176;1417;1520;1373;1022;946 79 6
40900 124 3 936 293;951;1563 2 7
40947 125 3 614 741;504;597 2 7
41025 126 7 836 644;1362;711;489;732;1411;500 1 7
41465 127 2 876 1140;611 37 3
41723 128 33 855 541;990;400;1134;174;1155;1018;900;1104;1281;1501;316;786;1015;630;575;1209;412;1024;1039;1249;1345;626;801;707;760;752;924;1016;260;583;518;1459 3 4
42234 129 2 889 1005;773 25 2
42252 130 4 1196 1258;992;916;1617 5 2
42358 131 10 1015 1167;929;1250;1254;842;1206;973;694;439;1392 1 7
42628 132 8 903 883;1073;119;1019;984;859;798;1491 65 5
42891 133 1 1249 1249 4 1
43136 134 6 926 1093;453;714;1625;1039;629 1 7
43322 135 2 1456 1721;1192 1 7
43625 136 5 644 965;671;588;735;263 25 2
43776 137 4 1191 1425;939;1066;1335 5 2
43792 138 3 685 393;627;1036 1 7
43804 139 7 759 1227;343;811;1664;136;348;785 31 5
43828 140 3 929 616;1259;913 1 7
43847 141 2 1072 893;1252 9 4
44074 142 4 677 599;149;1033;926 3 4
45137 143 2 856 781;930 14 1
45321 144 2 632 962;301 8 2
45372 145 2 1210 1621;800 82 9
45630 146 2 926 1032;821 3 4
46068 147 1 1484 1484 2 7
46093 148 3 1255 1610;1191;963 2 7
46207 149 1 1019 1019 1 7
46407 150 2 812 565;1060 3 4
46448 151 2 1306 1232;1380 1 7
46581 152 1 1517 1517 1 7
46600 153 6 842 1049;1103;721;1076;686;419 2 7
46704 154 1 942 942 1 7
47112 155 14 1001 1367;1579;755;1667;1299;627;761;1148;553;932;771;1065;894;601 31 5
47254 156 4 906 1367;381;881;994 4 1
47281 157 1 1051 1051 1 7
47518 158 4 654 193;483;1055;885 3 4
47879 159 4 872 984;895;1067;544 5 2
47883 160 3 462 557;688;141 2 7
47993 161 14 948 1136;1007;858;1026;1334;897;914;1178;218;1271;1316;871;108;1139 4 1
48163 162 4 597 119;596;731;943 1 7
48281 163 3 491 481;628;364 8 2
48614 164 3 582 236;1206;304 6 2
48684 165 3 548 381;144;1119 1 7
48694 166 22 849 639;826;915;1614;1044;750;518;1097;1358;783;1057;727;195;683;997;1656;661;894;903;235;750;379 4 1
48791 167 1 1498 1498 47 7
49042 168 2 1258 1498;1019 2 7
49270 169 2 766 1000;533 5 2
49347 170 2 1157 1043;1271 31 5
49656 171 1 603 603 1 7
49776 172 5 820 622;696;687;900;1196 4 1
49851 173 4 767 829;410;381;1447 43 2
50109 174 3 1099 961;966;1369 1 7
50405 175 2 1363 1433;1293 133 1
50478 176 2 762 1031;494 1 7
50537 177 10 896 579;1387;1010;1204;1241;1253;414;308;1287;274 71 4
50588 178 2 374 79;669 30 2
50914 179 2 1489 1351;1627 8 2
51080 180 3 744 866;1034;333 1 7
51521 181 3 1060 498;1279;1404 21 2
51614 182 10 862 1391;652;60;752;1223;363;1125;924;1235;900 2 7
51642 183 3 995 1132;1085;767 1 7
51649 184 8 751 683;610;1023;570;504;1215;654;751 3 4
52076 185 1 1094 1094 1 7
52266 186 3 1108 977;1510;836 56 3
52420 187 3 936 769;1454;586 2 7
52447 188 9 815 530;1147;422;1559;341;1560;259;671;842 8 2
52491 189 3 1101 1475;677;1151 233 7
52524 190 5 968 956;799;1537;406;1143 232 4
52574 191 11 1028 1627;725;985;755;1702;1119;126;1123;874;1317;954 4 1
52602 192 7 1026 1141;665;859;1229;879;1399;1009 45 2
52612 193 3 788 621;1238;506 284 3
52711 194 5 768 1029;525;961;361;965 11 2
52737 195 5 753 447;960;904;1125;329 24 8
52817 196 3 958 969;1178;726 2 7
52884 197 6 828 1362;1243;505;470;793;592 1 7
52913 198 60 878 1024;802;431;1032;829;1155;794;709;919;799;478;723;1456;1134;1221;439;1516;1224;1472;650;276;1069;677;633;1224;178;845;788;1203;1190;709;927;1621;753;737;743;1026;705;659;698;696;1072;188;829;1234;904;698;1408;463;1071;741;1085;646;941;487;1289;1339;964;544;632 1 7
53077 199 9 1007 1310;1681;489;380;229;747;1530;1437;1257 9 4
53720 200 2 1515 1344;1686 1 7
53765 201 3 1116 1204;962;1181 1 7
53949 202 2 1258 1277;1240 4 1
53962 203 2 1032 1378;685 6 2
54109 204 2 1123 1565;681 3 4
54219 205 2 778 892;663 2 7
55253 206 2 465 503;427 8 2
55355 207 1 1141 1141 2 7
55735 208 3 705 689;1024;402 30 2
55884 209 2 1060 1418;701 1 7
55891 210 3 946 651;899;1289 16 2
55923 211 1 595 595 19 9
56051 212 2 822 645;999 5 2
56093 213 1 731 731 5 2
56243 214 4 882 897;470;1037;1126 23 2
56320 215 5 892 968;1259;162;1121;948 105 2
56389 216 3 723 697;602;870 3 4
56476 217 5 1008 979;1145;1357;830;727 114 9
56497 218 8 858 366;957;1168;937;852;532;723;1329 8 2
56861 219 1 1516 1516 1 7
56993 220 2 1115 798;1432 1 7
58011 221 2 968 1016;920 2 7
58305 222 3 966 1007;928;962 96 8
58405 223 15 930 361;705;666;297;1017;196;349;1212;967;1678;1136;1677;842;1567;1287 1 7
58515 224 5 1131 1350;866;1353;1324;762 3 4
58688 225 5 875 762;780;995;1235;603 312 1
58911 226 2 757 839;675 35 7
59301 227 3 1052 1728;697;732 25 2
59952 228 4 664 550;1038;592;474 8 2
59997 229 3 613 61;390;1387 4 1
60055 230 2 698 561;836 66 1
60436 231 2 938 1231;646 2 7
60920 232 4 1314 1657;1502;1616;482 4 1
61024 233 2 876 550;1201 5 2
61305 234 4 691 443;676;885;760 1 7
61396 235 2 870 927;814 5 2
61565 236 1 1142 1142 2 7
61860 237 2 846 1009;683 1 7
61865 238 3 1103 667;1630;1013 1 7
62141 239 14 889 805;593;1351;1538;509;279;1282;282;712;1602;949;349;1281;913 6 2
62417 240 2 944 744;1143 36 1
62804 241 27 981 723;1093;733;1381;1692;169;1137;835;862;929;600;1404;1502;711;545;1154;1277;960;1244;1265;857;1015;421;625;1179;1055;1128 1 7
63357 242 7 1045 1117;531;1068;1154;1250;744;1451 1 7
66173 243 2 654 681;626 2 7
66345 244 4 801 1448;811;867;79 1 7
67101 245 2 734 254;1215 119 5
67547 246 2 1274 1444;1103 1 7
67582 247 2 870 1019;721 10 3
67871 248 6 864 497;487;1324;330;1206;1343 12 3
68442 249 9 836 966;443;629;458;809;811;1226;1518;663 1 7
68812 250 5 1020 972;1096;535;1485;1012 4 1
69256 251 7 987 823;1090;1288;105;1376;1077;1153 16 2
69303 252 18 734 516;1121;490;1018;678;887;590;254;530;1122;700;166;772;955;690;941;394;1382 4 1
69389 253 21 811 780;722;540;92;924;774;764;828;1241;477;500;823;1180;1430;1113;1368;1038;583;739;544;567 4 1
70562 254 4 760 851;606;593;988 28 1
71270 255 2 665 629;701 2 7
72114 256 8 1061 770;647;730;1134;1615;940;1726;923 122 1
72585 257 8 919 1068;1243;1131;517;1014;1240;557;583 2 7
73602 258 3 475 297;682;445 1 7
73772 259 2 768 1219;317 7 9
74174 260 2 656 502;810 2 7
74520 261 2 848 1440;256 10 3
74656 262 2 1584 1494;1674 1 7
74952 263 2 837 1086;588 1 7
82773 264 2 836 1123;549 1 7
82959 265 2 1057 1221;893 25 2
84347 266 3 486 738;352;369 6 2
84470 267 2 1450 1656;1245 1 7
84794 268 2 703 910;496 1 7
87233 269 7 1069 1424;1033;736;871;1464;1013;939 1 7
87699 270 3 1023 1295;822;951 1 7
88704 271 16 920 1564;676;701;686;1682;1231;774;595;682;1552;965;382;720;970;762;775 13 9
92919 272 4 986 261;1444;729;1512 1 7
93627 273 3 601 765;629;408 4 1
94356 274 2 556 590;522 9 4
95263 275 2 509 572;446 1 7
100456 276 3 797 881;653;856 1 7
101068 277 7 1102 680;537;841;1388;1401;1697;1171 9 4
102902 278 15 1036 1192;1366;564;1571;987;1166;1656;847;1234;376;1087;698;819;975;1000 4 1
110604 279 3 609 521;797;509 22 9
110715 280 2 1130 695;1566 2 7
110745 281 17 998 1245;1199;759;464;1305;784;1099;417;1638;1088;1460;181;1178;1509;729;694;1214 23 2
110767 282 14 834 986;421;1330;1037;816;1194;1465;211;716;472;1352;164;467;1042 1 7
111079 283 2 1497 1501;1493 6 2
111095 284 2 846 908;784 1 7
111199 285 2 596 397;794 11 2
111814 286 1 1375 1375 1 7
112577 287 4 1135 1001;1352;1508;680 1 7
112685 288 2 982 641;1324 1 7
113606 289 2 1049 903;1195 41 5
113666 290 4 1202 1284;1400;1108;1017 15 4
113706 291 2 910 1269;551 25 2
114003 292 9 875 644;1296;820;450;1018;1270;599;1204;576 142 9
114043 293 1 1094 1094 1 7
114520 294 4 732 501;853;88;1484 2 7
114809 295 1 363 363 84 6
115381 296 3 715 1296;427;423 52 6
115465 297 7 919 1479;706;915;652;607;1196;876 3 4
115540 298 9 843 445;714;685;1099;803;1201;687;827;1130 1 7
115545 299 3 1228 1543;1232;909 3 4
115617 300 3 970 1333;757;821 3 4
115620 301 5 892 672;1141;621;852;1174 5 2
115772 302 4 985 985;750;1153;1051 3 4
115828 303 2 796 1465;126 1 7
115890 304 2 1182 1622;741 3 4
115935 305 2 1125 1204;1046 1 7
115955 306 7 867 339;1199;946;1404;626;393;1161 1 7
115974 307 2 976 1359;592 3 4
115978 308 11 774 148;571;1533;494;1039;1245;115;822;1238;528;778 254 7
115999 309 3 1322 1170;1353;1442 1 7
116014 310 4 1185 1469;1154;1019;1098 14 1
116088 311 5 682 1204;376;606;275;949 22 9
116195 312 2 1461 1466;1456 3 4
116798 313 6 947 1118;1109;281;1035;1512;627 9 4
117030 314 3 868 619;1244;740 24 8
117053 315 3 925 1174;481;1121 7 9
117068 316 6 881 808;1114;1209;234;591;1329 1 7
117142 317 2 860 1374;347 20 9
117241 318 6 973 1340;914;973;1006;1020;585 4 1
117370 319 7 786 766;573;1239;196;1128;1131;467 99 9
117394 320 5 934 1689;475;788;1117;600 1 7
117517 321 3 970 1315;1105;491 7 9
117587 322 19 919 828;1184;1206;1256;965;744;330;1063;928;1075;1091;873;1022;1122;1062;396;1235;830;250 1 7
117627 323 5 864 214;1140;978;986;1003 8 2
117856 324 3 644 591;940;400 3 4
117879 325 4 964 1039;949;921;946 2 7
118216 326 2 724 1033;416 74 2
118555 327 2 654 839;469 204 8
118631 328 3 932 1017;577;1202 2 7
118652 329 8 989 417;1449;1119;602;668;1263;1156;1238 2 7
118841 330 36 882 739;1279;779;478;224;563;862;1077;641;575;914;1500;1105;1545;789;649;1139;1083;830;1270;672;1508;762;360;910;605;108;360;542;803;967;911;872;1544;1284;1512 1 7
118877 331 2 916 1155;676 1 7
119180 332 5 808 809;975;839;526;890 7 9
119944 333 1 73 73 2 7
120162 334 10 826 1057;772;808;1362;406;960;819;208;844;1025 2 7
120163 335 12 730 259;1535;474;1034;62;641;798;448;866;971;643;1025 1 7
120200 336 8 897 549;1136;1067;198;628;669;1347;1583 1 7
120223 337 3 1020 966;556;1538 1 7
120230 338 5 893 1364;1441;600;242;816 8 2
120294 339 3 889 1292;599;775 28 1
120357 340 4 707 1166;465;112;1085 4 1
120411 341 7 828 1533;1027;1027;595;225;976;414 1 7
120527 342 2 918 922;915 3 4
120534 343 9 913 553;1083;1038;549;1368;1064;1236;652;677 1 7
120585 344 2 646 529;763 10 3
120593 345 2 1248 1231;1266 106 5
120632 346 4 697 1095;372;980;340 2 7
120731 347 2 732 623;841 30 2
121031 348 2 824 1272;375 6 2
121053 349 1 1088 1088 288 4
121194 350 2 1299 1220;1378 29 7
121477 351 38 855 777;972;637;664;1277;1213;696;963;446;744;1282;806;787;779;840;874;1418;938;639;1147;1328;843;242;639;403;413;1397;713;1092;969;941;799;1315;466;616;416;1444;566 3 4
121679 352 2 1704 1734;1675 1 7
121809 353 1 1197 1197 3 4
121860 354 6 793 655;1630;1079;583;224;589 1 7
122077 355 6 906 811;571;560;1001;1106;1388 4 1
122080 356 5 812 709;643;821;728;1157 1 7
122241 357 4 957 614;762;1367;1085 1 7
122260 358 1 1638 1638 1 7
122268 359 3 542 652;622;352 10 3
122289 360 3 1025 751;1526;797 249 3
122355 361 3 980 1067;306;1566 1 7
122360 362 7 724 732;379;236;545;1021;1316;839 3 4
122376 363 5 1067 1541;863;1027;906;996 4 1
122414 364 6 817 630;661;655;1041;694;1220 1 7
122560 365 3 1082 1013;599;1634 1 7
122940 366 2 792 595;990 1 7
123021 367 3 1071 1208;1111;893 14 1
123515 368 3 1123 1310;849;1209 1 7
123628 369 1 998 998 55 2
123847 370 1 1254 1254 3 4
123876 371 14 853 1134;917;291;1197;1537;948;779;758;437;249;1161;888;1160;492 2 7
124000 372 2 772 807;736 1 7
124106 373 5 892 1490;619;398;1054;901 1 7
124652 374 1 1236 1236 7 9
124688 375 2 580 758;403 11 2
124735 376 2 884 905;863 2 7
124950 377 2 938 967;908 15 4
125043 378 5 1189 1243;962;793;1271;1674 1 7
125058 379 8 1192 1170;1380;1466;785;1394;678;1059;1604 65 5
125169 380 2 785 247;1323 1 7
125196 381 2 1176 1346;1005 44 4
125282 382 7 786 1007;213;1064;1190;239;756;1034 5 2
125481 383 2 674 314;1033 3 4
125510 384 2 1240 1344;1137 15 4
125653 385 5 793 1133;1089;868;708;169 220 7
125833 386 2 523 743;303 1 7
125837 387 6 653 396;1083;1223;516;139;560 31 5
125962 388 3 994 815;1138;1028 1 7
126025 389 2 1024 727;1322 3 4
126445 390 5 864 801;1368;854;934;361 1 7
127972 391 5 653 1020;117;1159;572;398 1 7
128057 392 5 1202 1439;1147;1065;1368;993 5 2
128141 393 3 1155 778;1472;1215 34 1
128460 394 2 1275 1243;1307 16 2
128480 395 6 779 759;696;898;697;964;661 1 7
128849 396 1 303 303 4 1
129111 397 2 726 1236;216 20 9
129458 398 4 1106 1073;962;1118;1271 3 4
130163 399 4 865 903;1346;124;1087 1 7
130276 400 4 868 1182;599;981;710 2 7
130285 401 3 1362 1412;1322;1351 2 7
130291 402 1 532 532 1 7
130339 403 11 980 1038;1739;935;755;1557;1227;173;312;1098;1186;762 1 7
130423 404 7 840 705;1287;1089;952;772;550;526 1 7
130505 405 3 687 969;802;290 2 7
130668 406 3 674 523;731;768 2 7
130748 407 3 824 1277;904;291 18 5
131154 408 3 886 951;1100;606 2 7
131224 409 23 914 337;1053;654;1165;1708;1285;691;1548;887;1283;246;295;1117;1086;973;840;794;941;976;299;1037;1277;525 1 7
131882 410 2 884 567;1200 1 7
131983 411 9 794 954;656;562;898;556;711;903;1093;817 3 4
131997 412 5 1016 991;932;1167;696;1294 29 7
132023 413 34 772 557;1335;95;586;465;1142;1041;1671;624;1179;821;242;653;397;503;694;395;834;1013;1089;1027;982;279;1689;61;1359;219;1142;1017;285;969;230;1195;471 1 7
132353 414 1 1313 1313 8 2
132398 415 2 536 880;192 6 2
132405 416 2 1066 1325;806 12 3
132500 417 6 1007 824;1086;754;1100;1116;1160 3 4
133891 418 5 728 832;986;474;940;408 3 4
133897 419 1 1064 1064 4 1
133938 420 2 956 594;1319 1 7
134197 421 4 818 1019;860;459;932 5 2
134226 422 2 620 527;714 3 4
134354 423 3 590 870;300;600 2 7
134386 424 4 849 1215;404;858;918 1 7
134681 425 5 724 1229;1030;721;503;135 2 7
135476 426 2 742 586;899 1 7
135590 427 8 1136 875;1167;950;1579;1092;1261;1156;1004 10 3
135637 428 4 818 1152;571;817;731 57 2
136215 429 1 866 866 2 7
136388 430 2 924 1162;686 18 5
136949 431 2 825 1059;591 2 7
136999 432 5 732 841;792;972;698;356 366 6
137073 433 6 1038 885;1076;1098;1577;824;767 24 8
137238 434 10 1006 370;1273;1225;1199;1011;1037;1079;760;935;1176 14 1
137315 435 2 853 1113;593 1 7
138184 436 2 884 945;822 62 9
138686 437 22 1025 1309;1333;967;801;576;1178;1459;1142;1319;755;620;487;1267;981;1352;1651;1072;759;616;382;879;1654 1 7
139666 438 5 1181 1049;612;1156;1580;1506 2 7
139709 439 4 834 197;1231;821;1085 35 7
139788 440 1 1190 1190 1 7
139920 441 7 872 996;1568;602;435;992;924;586 18 5
140104 442 1 1539 1539 3 4
140330 443 2 876 693;1059 2 7
140431 444 4 978 857;1222;1215;619 171 1
140460 445 2 798 392;1204 25 2
140674 446 2 1144 908;1380 10 3
140685 447 34 838 1262;1351;959;1666;924;558;575;561;1183;1312;490;1217;1281;591;1019;1394;437;1082;815;461;1328;1016;526;839;912;945;556;532;457;275;519;899;343;207 3 4
140875 448 2 476 206;746 4 1
143753 449 4 976 253;1009;1277;1367 4 1
144806 450 5 993 1381;1046;935;322;1281 1 7
144811 451 12 948 1324;711;1651;1025;680;902;1039;1064;719;284;974;1008 14 1
144915 452 1 1325 1325 11 2
144926 453 2 1158 743;1573 2 7
145048 454 2 457 706;208 2 7
145260 455 2 422 297;547 12 3
145515 456 9 905 1646;1550;1096;417;750;650;583;563;893 38 2
145780 457 6 729 538;1682;817;298;244;794 1 7
146079 458 6 849 566;820;401;583;1421;1302 5 2
146409 459 5 710 940;647;685;610;666 1 7
146481 460 1 610 610 2 7
146510 461 2 1188 1433;943 274 6
148105 462 3 1056 1325;1089;754 303 3
148169 463 8 931 766;1135;925;895;942;654;733;1400 218 9
149396 464 7 792 761;755;1120;473;1395;566;472 23 2
149416 465 39 959 913;1548;1147;308;682;806;1089;975;331;480;400;1026;631;630;813;1131;1206;1470;622;768;760;697;1607;1395;582;973;786;1517;1081;1376;1404;1407;447;1036;1299;574;1071;1011;1410 2 7
149660 466 26 896 670;818;731;389;1050;1118;1227;1197;1105;573;176;814;1268;420;1424;373;1129;1117;678;1306;649;922;1274;1329;467;1060 87 6
149740 467 2 1132 1231;1034 130 8
149862 468 2 867 1237;497 1 7
149895 469 9 842 1401;629;296;1343;1479;130;718;606;978 34 1
151170 470 3 819 1215;813;428 6 2
151563 471 3 1113 877;1479;983 20 9
151906 472 3 1134 1074;1465;864 23 2
152227 473 2 1310 1071;1549 2 7
152247 474 11 691 1390;592;440;640;844;382;998;726;311;387;888 63 4
152436 475 5 1171 1377;977;1320;1169;1012 1 7
152618 476 3 1122 587;1187;1591 2 7
152697 477 2 590 350;830 1 7
152888 478 2 524 652;395 4 1
152896 479 1 1130 1130 4 1
152935 480 9 956 1185;1045;686;579;1580;805;517;1456;749 12 3
153027 481 2 910 666;1154 2 7
154269 482 3 1438 1669;1659;985 1 7
154303 483 2 744 496;993 1 7
154454 484 11 1036 1077;1509;1604;545;796;612;1353;605;1148;947;1196 6 2
154623 485 2 1066 1039;1092 1 7
154822 486 22 805 892;1232;741;664;475;700;1044;523;1505;1595;602;785;75;1048;169;1062;1037;469;233;1130;982;745 2 7
155428 487 14 1014 1283;476;1464;745;945;588;789;1564;1719;803;1002;753;897;1172 1 7
155550 488 8 997 822;686;1621;887;1258;744;1527;431 39 1
155636 489 3 1115 1000;1449;896 6 2
155680 490 5 686 479;537;997;1065;353 24 8
156588 491 4 884 1014;1406;528;586 2 7
156862 492 3 891 1287;1279;106 86 4
158355 493 2 920 965;874 1 7
158602 494 10 854 1147;1034;444;1167;840;654;700;778;585;1196 4 1
159427 495 8 768 379;369;1160;560;1302;754;565;1056 5 2
159598 496 1 729 729 1 7
159632 497 2 829 1261;397 5 2
159972 498 7 947 677;677;726;711;1445;1242;1148 1 7
160560 499 3 1033 1036;829;1234 10 3
161227 500 2 934 637;1232 1 7
161266 501 11 932 1341;1118;858;717;694;745;966;943;1230;431;1206 73 6
161577 502 2 891 697;1085 2 7
161726 503 2 433 554;312 24 8
164156 504 5 969 686;1097;1139;835;1088 1 7
165099 505 4 877 878;886;644;1099 1 7
165425 506 2 1242 1449;1035 3 4
165697 507 3 957 1190;993;688 20 9
165976 508 4 882 1360;816;1071;281 2 7
166026 509 5 1110 990;1041;1263;1472;786 10 3
166299 510 3 876 1301;662;664 2 7
166360 511 7 1021 555;701;1453;1312;1148;622;1359 122 1
166762 512 6 734 767;477;581;802;673;1103 18 5
167081 513 2 894 753;1036 5 2
167431 514 1 597 597 1 7
167710 515 2 1246 1296;1195 5 2
167938 516 4 803 209;1464;993;546 2 7
169261 517 5 1024 1020;163;1146;1707;1086 1 7
170015 518 21 824 922;564;1044;600;673;756;679;677;1291;497;1096;88;493;956;201;1359;704;1121;1036;1108;1447 8 2
170565 519 1 344 344 1 7
170885 520 14 1166 697;1236;801;1094;1714;1507;1723;1291;1012;754;1324;874;1546;745 1 7
171147 521 5 888 1562;849;870;991;169 95 4
171234 522 3 1058 1356;1222;596 3 4
171774 523 2 800 536;1064 3 4
173305 524 2 1009 1414;604 19 9
174708 525 2 1091 1141;1041 216 7
175302 526 3 738 947;865;403 1 7
176476 527 7 822 1334;753;683;680;1033;549;722 1 7
176995 528 1 810 810 1 7
182412 529 6 1056 865;519;1433;1410;1220;886 4 1
182917 530 3 701 631;663;809 11 2
182932 531 3 732 439;334;1422 1 7
186907 532 3 901 666;1108;928 228 4
192227 533 1 915 915 4 1
192324 534 1 844 844 5 2
192369 535 1 704 704 1 7
192412 536 4 996 888;921;1205;971 5 2
192485 537 4 873 767;776;1597;353 105 2
192531 538 1 666 666 2 7
192771 539 1 1061 1061 350 8
192860 540 12 703 939;542;462;367;729;684;798;1068;1078;409;1266;89 3 4
192880 541 6 989 1438;921;949;964;1017;646 1 7
193376 542 1 231 231 248 1
193487 543 2 796 938;655 1 7
193705 544 5 721 810;716;1023;528;528 8 2
193707 545 5 939 1229;952;487;902;1125 1 7
193775 546 2 822 1041;602 1 7
193995 547 5 898 1325;533;1253;535;842 2 7
194236 548 2 820 492;1147 8 2
194250 549 2 862 673;1051 3 4
194367 550 12 1092 1164;1633;1637;1049;1238;1337;1116;323;944;451;1059;1155 11 2
194383 551 5 693 651;433;1094;882;406 1 7
194389 552 2 677 493;861 15 4
194734 553 2 994 1088;899 1 7
194914 554 3 815 1232;393;820 5 2
194927 555 1 1308 1308 195 8
194964 556 11 948 1051;1246;762;845;1158;834;107;759;1168;1356;1143 3 4
195077 557 5 1044 460;1562;681;999;1517 29 7
195105 558 4 794 629;809;357;1381 39 1
195285 559 2 1010 1155;864 11 2
195296 560 7 1037 1003;1270;1308;668;1149;1125;737 1 7
195896 561 6 924 898;114;1134;698;1108;1592 82 9
195971 562 8 855 805;583;144;1156;1252;1227;453;1221 22 9
196038 563 8 805 560;1103;914;1165;643;494;771;792 2 7
196101 564 2 748 519;978 2 7
196115 565 2 687 775;599 10 3
196122 566 6 651 250;606;518;1186;671;676 1 7
196366 567 1 1096 1096 15 4
196900 568 2 594 449;738 7 9
197184 569 5 942 1174;1555;818;385;778 76 1
197602 570 3 997 691;1312;989 6 2
197661 571 2 1213 1436;990 3 4
197735 572 2 1035 749;1321 4 1
197824 573 2 1193 1030;1356 1 7
197866 574 12 949 1159;605;1164;991;788;1469;779;607;1043;1363;676;739 1 7
197964 575 6 1025 1054;750;1295;955;1269;826 12 3
198022 576 2 993 1138;848 6 2
198053 577 10 765 462;1000;916;998;331;860;365;1127;1068;520 2 7
198208 578 1 697 697 1 7
198227 579 3 847 1005;738;798 1 7
198244 580 1 725 725 34 1
198255 581 3 1034 964;938;1201 273 6
198281 582 1 1097 1097 1 7
198361 583 2 692 693;691 3 4
198429 584 5 854 425;829;835;1195;987 10 3
198519 585 11 1139 948;1493;660;1292;1664;645;1620;1038;1255;492;1424 1 7
198553 586 7 990 423;1465;1098;442;877;1271;1353 1 7
198969 587 3 1136 1010;957;1440 19 9
198991 588 3 1146 801;1207;1430 224 9
199038 589 3 1225 1554;612;1509 1 7
199500 590 117 906 893;579;560;272;779;749;473;1090;1395;828;1199;1001;1419;919;276;716;1141;1068;662;1343;652;449;1620;824;824;931;1095;1118;1475;428;920;584;962;1169;1367;1477;1187;1467;1325;305;690;836;313;1028;188;1105;1240;1662;1013;698;812;1095;361;634;158;1048;591;992;1404;849;1543;79;632;865;899;1448;1396;1143;968;259;1146;1182;453;1018;400;722;643;1310;822;1018;349;357;1222;1614;768;1726;535;678;1594;482;602;806;454;1254;602;1517;762;1512;823;761;865;1082;1076;1015;1270;1149;759;1327;738;1223;1291;513;424;568;431;959;739 1 7
199518 591 2 1092 1496;687 32 8
199716 592 20 820 934;1203;532;582;822;1034;912;1074;543;577;565;1133;660;697;1044;904;746;389;1180;863 321 6
200773 593 2 734 409;1060 5 2
200807 594 8 863 758;91;241;1193;1567;1179;1206;670 1 7
200869 595 5 675 356;354;907;1003;753 1 7
200895 596 5 568 664;730;84;356;1004 1 7
200958 597 4 568 294;1058;636;284 5 2
201039 598 3 641 1247;530;147 1 7
201070 599 1 561 561 31 5
201092 600 5 893 1375;802;976;808;502 5 2
201149 601 12 910 327;1458;1494;589;633;1397;931;306;353;852;1097;1488 5 2
201174 602 2 1296 1489;1104 44 4
201190 603 5 855 1574;948;384;723;646 1 7
201335 604 5 813 429;1290;508;838;999 1 7
201380 605 5 755 1195;992;444;209;933 1 7
201436 606 4 928 942;1658;725;387 8 2
201692 607 4 623 849;901;451;292 4 1
202169 608 2 973 500;1446 2 7
202174 609 6 976 691;1398;1067;496;1253;950 1 7
202415 610 8 1018 996;662;1124;1174;1313;1290;545;1043 151 9
202474 611 2 886 1046;727 40 6
202494 612 3 1227 1682;1081;918 1 7
202502 613 5 987 1389;592;394;1427;1134 32 8
202967 614 2 1135 1351;919 4 1
203025 615 2 968 1046;891 8 2
203201 616 5 1017 790;1407;766;950;1171 2 7
203392 617 1 858 858 7 9
203540 618 20 744 1322;610;368;997;87;474;851;413;1451;685;1379;1134;82;691;523;1018;932;714;976;179 91 5
203569 619 1 880 880 5 2
203580 620 6 748 476;771;715;538;954;1036 64 1
203623 621 3 777 1224;791;315 1 7
203632 622 6 888 1053;451;687;831;1298;1006 6 2
208321 623 2 685 112;1258 2 7
208377 624 3 793 385;1431;564 1 7
209809 625 4 866 945;619;1154;747 62 9
210391 626 2 1110 1355;866 2 7
210666 627 1 1098 1098 187 3
210765 628 1 1535 1535 4 1
210965 629 3 336 169;249;591 1 7
210985 630 2 1009 1242;776 3 4
211018 631 19 939 1402;1277;1680;516;1061;583;873;607;691;1478;775;738;964;1557;710;969;931;694;328 60 5
211162 632 1 901 901 14 1
211361 633 2 779 468;1090 75 2
211371 634 3 363 704;298;87 2 7
211456 635 22 746 876;739;962;856;349;1205;1150;694;1158;1345;431;802;330;622;762;409;582;207;813;513;665;938 1 7
211468 636 5 1185 1356;693;1412;1070;1393 8 2
211585 637 8 702 259;994;759;1071;868;878;717;69 3 4
211609 638 13 1075 538;933;545;901;1263;1263;1078;1614;1460;1481;1342;895;663 348 4
211731 639 2 616 635;598 2 7
211792 640 48 923 1346;1354;302;860;1221;1027;1152;583;1316;698;1323;1106;925;1370;637;718;291;1238;189;595;689;1458;728;841;276;1045;392;397;645;627;435;1496;995;1234;991;734;1219;1055;1109;1188;993;1013;682;789;1621;582;1636;1168 10 3
211806 641 2 1256 1366;1146 3 4
211814 642 4 616 396;905;616;546 4 1
211840 643 1 379 379 113 5
211927 644 11 791 307;747;586;325;1500;760;1086;754;1173;521;939 2 7
211974 645 1 420 420 24 8
212057 646 4 1256 704;1252;1470;1598 2 7
212166 647 2 1327 1497;1157 1 7
212577 648 1 1559 1559 122 1
212793 649 9 1178 1084;1145;1697;1240;1122;1431;1052;588;1242 69 7
212828 650 4 814 550;1217;709;778 1 7
213116 651 1 945 945 1 7
213368 652 3 778 644;707;983 18 5
213421 653 8 658 1207;172;768;375;403;104;1433;801 9 4
213452 654 2 1064 1027;1102 3 4
214073 655 2 862 1091;633 1 7
214103 656 2 774 664;885 1 7
214115 657 5 1041 1583;756;568;937;1360 1 7
214136 658 5 929 539;991;921;1337;857 5 2
214175 659 1 947 947 6 2
215126 660 2 656 396;916 29 7
215178 661 3 1344 1392;900;1739 1 7
215195 662 2 1004 748;1259 4 1
215235 663 4 946 1123;844;1232;587 1 7
215240 664 5 857 523;1544;272;1113;834 2 7
215306 665 3 1068 1416;766;1021 6 2
215426 666 2 1017 1098;936 1 7
215483 667 2 1065 696;1434 60 5
216067 668 5 867 821;698;1256;710;851 2 7
216166 669 2 470 333;607 1 7
216195 670 3 609 817;723;286 19 9
216222 671 2 922 962;883 70 7
216462 672 4 764 1341;300;511;903 1 7
217295 673 5 910 655;729;1102;1101;962 57 2
217303 674 6 892 944;700;116;786;1459;1349 6 2
217375 675 3 864 931;1322;339 36 1
218992 676 2 1145 987;1303 181 9
219571 677 3 1079 752;1250;1235 5 2
219806 678 4 613 453;1330;400;269 27 1
220377 679 1 669 669 6 2
220622 680 2 1076 1632;520 3 4
220692 681 7 949 1200;985;1538;859;693;578;791 30 2
220774 682 7 913 372;740;1211;1249;831;938;1049 4 1
220844 683 4 865 952;221;1076;1211 2 7
220925 684 4 662 495;1102;473;576 2 7
221451 685 10 784 825;428;939;1011;506;741;534;1357;987;509 52 6
221456 686 2 670 515;824 24 8
221512 687 5 1078 1110;837;1213;1287;944 1 7
221814 688 2 1160 1118;1203 3 4
222490 689 3 629 415;730;741 2 7
222852 690 3 606 414;773;630 1 7
223206 691 2 921 1271;571 1 7
223602 692 2 492 469;514 4 1
223829 693 3 1005 1225;255;1536 1 7
223987 694 2 1059 1271;847 1 7
224219 695 2 722 782;661 12 3
224280 696 17 817 601;756;468;513;82;930;1395;963;1249;1692;947;416;1048;470;592;966;803 9 4
224352 697 4 748 958;481;857;696 1 7
224587 698 7 757 572;419;1089;1312;1561;105;243 3 4
224691 699 5 727 797;564;740;884;651 1 7
225204 700 1 468 468 1 7
225285 701 19 916 1059;825;1130;775;1097;593;939;1700;182;1469;1526;250;689;1031;1159;1046;577;483;883 1 7
225361 702 1 912 912 1 7
225543 703 4 759 1306;302;315;1113 1 7
225591 704 1 1384 1384 17 9
225732 705 2 892 1098;686 6 2
225751 706 3 716 702;825;621 3 4
225878 707 4 938 1008;683;1051;1010 10 3
225933 708 8 837 1061;946;809;882;953;689;855;503 19 9
226669 709 6 911 964;899;945;338;1273;1047 3 4
226798 710 3 879 962;888;788 28 1
227132 711 2 568 547;588 2 7
227175 712 3 848 1559;506;480 20 9
227292 713 4 801 1102;374;1000;727 16 2
227464 714 4 1286 529;1624;1484;1507 1 7
227507 715 5 968 1044;1069;940;1014;771 185 7
227685 716 2 1135 1400;870 43 2
227768 717 5 778 462;789;683;1187;767 1 7
227912 718 3 820 612;426;1421 7 9
228315 719 2 1174 1628;721 1 7
228420 720 1 381 381 5 2
228514 721 8 890 1089;1008;1033;774;435;1053;721;1010 62 9
228561 722 2 148 123;174 1 7
228715 723 6 956 1128;1054;1059;646;535;1315 4 1
228742 724 7 1031 1206;1262;817;1062;996;855;1018 1 7
228771 725 2 682 864;501 14 1
229068 726 6 838 1635;646;984;425;528;807 2 7
229133 727 4 801 335;832;813;1225 2 7
230467 728 5 1028 1063;980;1296;972;827 1 7
230503 729 3 896 991;1108;589 2 7
230567 730 2 1488 1490;1486 1 7
231012 731 7 700 1190;91;514;459;525;1310;812 103 8
231105 732 7 966 770;1433;624;655;1069;997;1214 3 4
231258 733 2 1166 829;1502 3 4
231366 734 2 1052 1586;518 89 4
231705 735 2 586 716;457 90 1
231715 736 5 1088 568;1090;694;1381;1705 3 4
232239 737 8 1124 1366;926;1182;1446;1557;842;724;945 2 7
232308 738 2 996 1273;719 11 2
232500 739 7 1020 885;1413;399;1267;1275;1120;780 1 7
232618 740 2 714 563;865 1 7
232813 741 9 773 466;995;502;1071;936;459;603;1187;737 161 5
232898 742 1 618 618 1 7
233205 743 3 796 619;758;1011 4 1
233461 744 2 984 890;1077 3 4
233615 745 3 1207 1543;751;1326 34 1
234408 746 2 1404 1584;1224 1 7
234665 747 4 722 1234;178;1036;440 11 2
234834 748 3 896 804;728;1155 9 4
235143 749 4 1218 829;1471;1646;926 1 7
236374 750 7 1119 1541;1255;1045;480;868;1624;1018 1 7
236505 751 2 804 868;739 142 9
236788 752 1 1308 1308 174 4
237572 753 2 312 205;418 1 7
238888 754 3 963 1277;422;1190 1 7
239003 755 6 970 236;877;1065;1499;1308;832 1 7
239025 756 21 936 1286;437;157;1513;1430;1447;1393;1006;546;560;571;913;144;1696;1312;789;1406;828;1547;290;380 2 7
239590 757 4 889 899;524;775;1359 21 2
239678 758 6 783 597;985;675;479;900;1060 199 7
239688 759 2 644 1052;236 1 7
240333 760 7 753 644;548;1141;922;857;426;736 1 7
241229 761 25 993 1570;1314;1366;648;1561;321;1026;1230;554;631;808;907;1113;477;1184;1626;1178;1202;1553;829;561;858;551;644;1108 37 3
244190 762 3 755 400;329;1537 2 7
244409 763 2 1176 1409;942 1 7
244468 764 2 517 839;195 4 1
245011 765 4 845 660;1358;878;483 21 2
245140 766 7 853 776;1081;552;250;1042;1047;1225 1 7
245565 767 2 660 463;857 1 7
245639 768 4 1122 1120;991;1260;1116 3 4
245888 769 1 1049 1049 7 9
245967 770 20 918 395;795;915;728;1729;400;932;1500;691;977;972;929;1509;534;699;506;1460;642;1399;644 12 3
246130 771 3 773 973;678;667 1 7
247230 772 1 1414 1414 1 7
247304 773 2 871 951;791 8 2
247430 774 4 1140 930;1324;792;1514 1 7
247501 775 2 1335 1489;1181 2 7
249410 776 57 836 184;1320;830;1211;1217;1112;677;263;590;525;492;1289;1187;1401;647;1145;570;876;827;950;1161;956;915;209;804;667;1283;107;286;1324;174;457;291;1208;950;858;529;843;1122;1208;616;642;1413;1278;1145;683;938;935;1578;561;896;669;1538;196;443;1088;349 4 1
249529 777 2 764 730;799 1 7
249825 778 2 994 735;1253 1 7
250004 779 2 1168 924;1411 66 1
250756 780 4 631 575;578;869;501 178 3
252170 781 8 946 800;1134;1385;217;838;1404;313;1478 1 7
253499 782 1 1399 1399 39 1
254012 783 3 941 905;869;1048 14 1
254446 784 5 766 727;809;331;1080;882 6 2
256279 785 2 1339 991;1687 12 3
256506 786 3 915 1131;1059;555 3 4
257425 787 1 121 121 17 9
263250 788 11 896 1078;662;1376;1602;952;844;522;684;767;709;657 2 7
263401 789 4 915 901;575;800;1383 77 9
264203 790 9 862 457;185;1199;1639;392;1050;443;1335;1054 12 3
274800 791 3 630 1022;738;131 40 6
275222 792 4 1153 1334;838;1472;968 162 6
275401 793 3 1008 1549;707;769 4 1
278212 794 3 954 1626;837;400 103 8
278298 795 2 1045 1088;1002 14 1
278387 796 11 925 980;1236;596;1218;1381;566;335;823;1470;191;1376 2 7
278589 797 4 969 216;1268;1703;689 36 1
278837 798 3 829 1147;906;434 1 7
279108 799 5 590 557;1071;211;108;1002 23 2
279216 800 4 866 1256;1204;246;758 2 7
279294 801 21 858 1253;1386;185;734;876;782;1270;1039;474;481;1603;1434;540;792;950;696;584;1057;889;539;449 3 4
279653 802 14 814 1363;383;900;524;1299;1296;1385;111;200;501;1319;267;1208;633 8 2
280388 803 3 901 1224;929;551 7 9
280600 804 2 1370 1442;1299 4 1
280637 805 3 562 697;344;644 2 7
281811 806 3 628 703;565;617 106 5
281820 807 3 983 1034;752;1162 31 5
281824 808 5 927 1045;844;1088;551;1106 27 1
282161 809 12 1019 1021;1650;778;680;1527;1059;865;754;1110;520;1038;1222 14 1
282168 810 3 1357 1633;1058;1380 4 1
282202 811 8 1000 953;1667;942;959;715;1410;698;656 1 7
282233 812 2 704 906;503 4 1
282400 813 4 1087 1294;986;728;1341 16 2
282411 814 3 974 1106;794;1022 6 2
282430 815 10 1167 726;1478;1034;784;1331;1648;946;907;1176;1641 2 7
282448 816 5 809 1175;569;665;521;1113 1 7
282506 817 2 1033 1137;929 6 2
282558 818 4 1061 801;1013;1241;1189 2 7
282809 819 2 775 855;695 1 7
282988 820 1 126 126 290 3
283002 821 10 808 600;397;1580;1132;767;754;408;312;1079;1046 10 3
283055 822 7 946 325;881;959;979;670;1480;1327 41 5
283166 823 3 1170 1733;1014;763 2 7
283178 824 6 993 700;1032;875;468;1206;1679 2 7
283280 825 11 780 1414;83;889;706;877;774;1382;254;686;660;858 209 7
283330 826 2 912 852;971 1 7
283368 827 7 1053 763;1223;757;724;1334;1482;1090 64 1
283518 828 24 934 120;653;1038;949;1252;1035;1333;1000;982;713;1089;856;1012;1542;1140;209;1233;726;995;579;936;888;1188;956 9 4
283989 829 4 1000 1691;446;970;891 2 7
284042 830 2 1136 1057;1216 1 7
284125 831 2 987 1005;969 3 4
284168 832 2 856 746;967 65 5
284191 833 1 503 503 1 7
284328 834 7 654 614;149;630;936;204;880;1165 117 8
284380 835 1 798 798 1 7
284405 836 3 801 790;1341;273 2 7
284408 837 6 939 902;892;1309;523;531;1478 36 1
284420 838 5 914 455;993;1561;895;667 1 7
284425 839 4 754 493;468;797;1256 177 1
284495 840 2 504 700;309 4 1
284548 841 2 1078 826;1330 84 6
284687 842 2 726 485;966 62 9
284880 843 6 966 1018;968;708;182;1277;1643 6 2
284906 844 2 850 854;845 1 7
285007 845 1 827 827 2 7
285016 846 2 750 833;667 10 3
285025 847 3 916 1330;332;1085 5 2
285029 848 15 864 1276;1265;76;1585;839;499;996;1067;963;935;551;92;1425;410;983 7 9
285046 849 5 1000 1538;647;868;410;1539 9 4
285088 850 2 1030 1071;988 1 7
285130 851 1 1062 1062 177 1
285348 852 14 778 221;1411;505;531;1512;592;342;1056;444;672;574;1303;858;878 20 9
285392 853 2 1022 916;1128 1 7
285406 854 4 992 736;1112;1321;800 1 7
285490 855 10 927 1065;692;1234;802;800;969;401;801;1188;1315 1 7
285499 856 2 526 795;258 2 7
285501 857 9 968 1372;1055;943;866;1436;612;1034;406;990 1 7
285517 858 12 733 405;316;166;1106;723;730;212;865;988;1220;1014;1048 1 7
285542 859 6 1225 1110;1322;1522;938;1322;1136 13 9
285851 860 2 659 751;567 17 9
285960 861 2 825 669;981 1 7
286330 862 8 1042 1511;919;902;601;987;1562;520;1332 1 7
286425 863 7 893 990;991;970;1237;1312;98;654 1 7
286436 864 9 968 924;778;1260;728;1057;1175;1184;1069;535 1 7
286590 865 2 873 676;1070 2 7
286611 866 3 1102 1400;967;940 2 7
286628 867 3 1016 878;1280;890 2 7
286641 868 2 1054 1002;1105 2 7
286659 869 3 857 1240;521;809 5 2
286707 870 12 880 1358;631;1135;1062;522;878;707;1327;246;979;591;1127 22 9
286728 871 12 960 955;675;1264;562;591;1162;1228;972;817;1527;540;1231 40 6
286804 872 2 975 1059;891 1 7
286817 873 1 1284 1284 2 7
286876 874 2 910 545;1274 8 2
286900 875 3 948 906;1141;796 1 7
287145 876 2 525 583;467 1 7
287210 877 5 622 497;434;1235;69;877 1 7
287268 878 2 882 910;855 165 8
287551 879 3 1007 1328;1007;685 2 7
288337 880 1 366 366 3 4
288359 881 1 135 135 4 1
288371 882 5 948 609;517;1214;1267;1135 1 7
288460 883 2 527 621;433 102 2
288507 884 3 759 307;791;1180 70 7
288656 885 2 816 899;732 107 8
288705 886 3 925 1092;953;729 10 3
288755 887 4 643 262;828;395;1086 2 7
288898 888 5 905 1050;230;1329;1286;628 1 7
288979 889 2 1000 921;1079 1 7
289055 890 8 634 457;501;263;831;759;450;1069;741 1 7
289073 891 3 558 728;541;405 199 7
289083 892 1 1212 1212 1 7
289103 893 2 898 624;1173 2 7
289112 894 2 1386 1057;1716 1 7
289514 895 2 893 1676;110 2 7
289522 896 2 1469 1266;1672 7 9
289702 897 4 758 879;1258;337;558 12 3
289892 898 1 1183 1183 1 7
290082 899 8 979 1370;743;969;1077;99;518;1355;1700 18 5
290173 900 3 1222 616;1551;1500 6 2
290628 901 5 822 1050;577;1163;944;376 19 9
290700 902 2 736 224;1248 10 3
290890 903 11 754 358;806;165;1274;467;956;980;852;641;1014;776 38 2
290909 904 2 1002 887;1116 16 2
290943 905 2 1218 1125;1310 2 7
290983 906 3 1010 1397;1268;365 1 7
291025 907 3 942 661;834;1331 2 7
291034 908 10 1116 726;1441;1072;867;1262;1184;1453;977;559;1617 1 7
291102 909 1 1090 1090 5 2
291242 910 2 513 187;839 1 7
291518 911 1 1475 1475 2 7
291551 912 7 970 1641;1409;71;591;1483;1203;390 3 4
291591 913 1 437 437 1 7
292012 914 3 857 1109;997;464 1 7
292235 915 4 655 1129;195;889;407 2 7
292358 916 6 818 1370;693;1148;770;244;685 23 2
292840 917 2 440 136;743 47 7
293293 918 4 711 373;505;1244;722 10 3
293518 919 4 770 1446;517;646;470 2 7
293578 920 15 926 867;829;1047;1036;763;1204;591;178;585;1560;1222;1119;375;1225;1291 42 6
293779 921 26 871 1483;1406;1254;701;563;1304;327;909;924;1084;238;984;1431;772;754;503;907;1067;1152;545;1458;308;383;764;994;433 3 4
293927 922 5 559 206;967;473;372;776 5 2
293995 923 2 737 954;520 6 2
294005 924 2 1068 1026;1110 157 4
294288 925 5 994 1534;930;515;982;1007 69 7
294494 926 3 684 918;262;872 1 7
294497 927 1 599 599 186 8
294595 928 4 966 1067;1421;888;488 25 2
294660 929 9 774 1212;761;652;483;429;1304;439;665;1025 1 7
294795 930 10 1064 1599;588;1211;1101;829;1073;824;1090;1074;1248 8 2
294820 931 4 892 813;757;968;1030 2 7
294834 932 4 1024 1594;218;680;1606 122 1
294931 933 1 1154 1154 6 2
294978 934 7 956 1056;1449;492;878;565;540;1713 15 4
295042 935 2 1044 1347;740 1 7
295064 936 1 440 440 9 4
295204 937 3 711 838;378;917 6 2
295723 938 3 703 732;526;850 1 7
295831 939 2 1536 1681;1391 125 8
296472 940 40 936 1474;809;1677;650;1290;1070;401;716;911;1088;1043;854;971;959;394;1532;829;1331;65;406;217;1647;708;1043;1042;1277;798;311;1435;825;1149;687;495;1454;1154;1329;1005;1064;732;609 13 9
297598 941 3 931 562;1044;1186 62 9
297831 942 4 713 477;1192;938;246 6 2
297921 943 6 920 809;1440;1280;817;853;322 12 3
297934 944 8 844 1324;470;445;908;1217;775;730;882 1 7
298186 945 5 613 500;1091;341;756;378 1 7
298231 946 4 1186 1473;1419;873;977 1 7
298261 947 1 564 564 7 9
298422 948 5 858 1179;765;1014;1166;165 6 2
298800 949 2 805 589;1021 1 7
298815 950 8 938 160;272;1081;787;1079;1578;1253;1297 4 1
298899 951 3 1228 1380;1445;860 5 2
298914 952 3 605 523;699;592 1 7
298932 953 3 860 1089;990;502 8 2
299201 954 4 1039 818;902;1257;1180 2 7
299257 955 17 898 1499;1078;957;1412;660;613;974;724;1126;813;573;834;495;1066;1154;658;627 10 3
299283 956 7 845 820;1174;1218;1002;319;414;966 3 4
299287 957 5 834 712;315;519;981;1641 2 7
299326 958 8 745 368;488;1236;409;494;1065;765;1138 14 1
299626 959 5 848 847;686;1392;1002;311 13 9
299832 960 4 996 1062;1065;1472;383 7 9
299881 961 2 306 109;504 5 2
299906 962 6 1174 1086;1102;1146;1032;1575;1105 22 9
300218 963 7 881 529;551;1052;1126;1612;276;1018 2 7
300247 964 4 1096 858;1421;1130;976 4 1
301052 965 5 553 438;467;940;314;606 1 7
301080 966 9 1080 1133;1149;1341;1737;793;1049;1003;734;780 10 3
301585 967 1 1190 1190 2 7
301634 968 8 633 1058;499;150;575;711;374;787;908 4 1
302084 969 3 1080 1422;808;1010 33 7
302170 970 5 811 877;923;584;849;820 34 1
302233 971 4 907 1377;1027;430;795 3 4
302264 972 1 1380 1380 176 6
302285 973 10 942 754;660;513;1391;1407;1143;795;1221;931;608 2 7
302313 974 4 771 261;353;1307;1163 2 7
302525 975 4 857 1012;852;775;790 19 9
302539 976 7 1112 1242;445;1488;1030;1296;1356;926 78 1
302542 977 4 888 774;1047;1043;690 326 7
302607 978 2 952 818;1085 7 9
302763 979 2 664 898;429 1 7
302908 980 10 956 838;1518;879;665;1730;577;674;690;1498;495 35 7
302926 981 13 1025 1237;904;1122;637;1416;1181;419;1532;1106;1287;574;811;1105 1 7
303033 982 4 955 1023;261;1352;1184 1 7
303059 983 2 1114 1077;1152 1 7
303097 984 5 963 1239;730;1264;92;1491 1 7
303115 985 2 954 840;1068 2 7
303150 986 2 1018 1159;878 1 7
303534 987 5 1002 1446;1280;840;732;713 1 7
303822 988 3 683 532;968;549 1 7
303869 989 7 914 1397;847;996;1621;568;583;387 5 2
303933 990 3 1010 480;1729;820 1 7
304014 991 5 1186 980;1386;1056;1558;948 2 7
304051 992 5 1117 1648;691;1277;854;1113 5 2
304411 993 5 1004 834;1482;655;1244;804 3 4
304651 994 4 760 850;459;1089;644 3 4
304709 995 7 852 1326;864;382;641;1240;632;882 1 7
306104 996 1 406 406 1 7
306185 997 3 1164 1441;935;1116 3 4
306221 998 51 950 1008;551;1416;1226;1208;862;1541;1261;832;744;478;1351;1507;135;1673;880;1124;150;1435;1187;1044;1513;857;95;1125;143;1260;1348;1079;877;645;978;759;885;1016;1150;958;1269;573;840;1370;189;518;794;492;667;1362;1274;922;1195;665 1 7
306329 999 1 659 659 23 2
306473 1000 2 934 770;1098 5 2
306664 1001 2 787 964;610 1 7
306735 1002 2 808 929;688 1 7
306838 1003 1 842 842 8 2
306870 1004 5 1005 998;881;1241;549;1358 1 7
307114 1005 6 739 723;1096;517;196;1211;693 9 4
307146 1006 3 1121 1075;1449;839 43 2
307507 1007 2 878 761;995 2 7
307539 1008 4 685 516;457;1028;739 1 7
307593 1009 1 1190 1190 4 1
307614 1010 6 939 1179;1129;516;989;915;905 1 7
307757 1011 48 823 1513;412;166;545;1692;382;242;1235;1149;723;1247;358;753;523;1183;1328;141;807;764;995;687;606;1378;1348;773;721;545;1130;1150;1121;803;629;955;769;863;568;688;1412;477;1352;591;1093;1206;360;589;108;429;1017 101 3
308045 1012 9 735 1359;781;459;965;990;611;415;533;502 1 7
308119 1013 1 875 875 2 7
308698 1014 2 964 785;1142 3 4
308729 1015 4 643 735;300;495;1043 4 1
308872 1016 2 1081 902;1260 1 7
308892 1017 9 972 501;345;1255;1524;251;1454;1327;1546;543 1 7
308981 1018 6 963 1352;777;914;1421;696;619 10 3
308988 1019 4 1119 1414;539;1527;997 3 4
309188 1020 3 868 1179;885;539 1 7
309219 1021 3 495 537;244;704 70 7
309245 1022 1 456 456 104 7
309519 1023 2 1250 1515;984 1 7
310166 1024 3 1113 656;1309;1374 1 7
310221 1025 7 955 1436;950;849;869;854;1028;696 7 9
310263 1026 6 748 595;981;1344;263;223;1080 38 2
310295 1027 8 757 1174;977;838;347;1347;895;156;322 5 2
310408 1028 6 900 1268;861;954;778;1246;295 5 2
310513 1029 4 987 991;1412;852;693 27 1
310980 1030 2 1071 845;1297 20 9
311105 1031 2 1318 1205;1430 1 7
311647 1032 4 1356 1174;1589;1070;1589 120 8
311715 1033 2 1228 974;1483 1 7
312068 1034 3 946 897;1088;853 34 1
312099 1035 4 842 807;1364;847;351 1 7
312287 1036 1 336 336 1 7
313387 1037 2 596 190;1003 1 7
313527 1038 14 957 1401;656;1464;480;1331;315;981;314;1110;890;1249;834;1184;1183 14 1
313641 1039 1 670 670 3 4
313797 1040 3 843 804;315;1410 1 7
314553 1041 15 877 965;1430;1036;821;1046;1268;1032;627;564;1343;80;782;928;322;916 1 7
314773 1042 6 892 1045;806;318;1213;973;999 38 2
314940 1043 2 790 334;1245 1 7
315075 1044 3 990 997;825;1149 23 2
315217 1045 5 1028 1302;1363;723;862;889 1 7
315560 1046 13 980 337;1147;723;1330;169;572;735;1488;1209;1354;1444;1232;995 1 7
316282 1047 5 977 1194;1036;815;653;1188 12 3
316748 1048 5 740 1097;812;796;639;355 10 3
317004 1049 1 266 266 2 7
317363 1050 12 770 494;1029;283;788;857;653;896;1129;930;349;1065;769 2 7
317729 1051 2 658 572;745 8 2
317816 1052 5 857 939;1039;894;1026;389 5 2
317879 1053 4 782 385;670;889;1184 3 4
318673 1054 2 981 1108;854 8 2
318710 1055 3 1052 1562;651;943 3 4
318742 1056 2 1105 1061;1149 5 2
318915 1057 2 766 899;633 11 2
319055 1058 4 1361 1323;1025;1541;1556 1 7
319428 1059 8 954 874;1195;191;1696;668;1462;388;1156 21 2
319448 1060 3 392 80;441;655 1 7
319456 1061 3 1072 1266;1059;890 1 7
319610 1062 3 1028 716;1170;1198 5 2
319623 1063 7 924 908;518;325;1209;1510;601;1396 156 3
319680 1064 4 608 740;927;443;320 1 7
320061 1065 11 751 697;586;932;563;853;893;1197;714;506;761;564 1 7
320382 1066 3 855 223;1550;792 178 3
320386 1067 9 818 1099;649;663;858;535;262;1272;1092;936 2 7
320529 1068 1 169 169 7 9
320803 1069 2 1084 1019;1149 4 1
321630 1070 2 811 1013;609 1 7
321820 1071 2 1018 592;1444 9 4
321865 1072 2 960 856;1065 1 7
322002 1073 2 1325 1325;1325 2 7
322019 1074 12 1040 232;1364;1326;930;1225;912;1487;1335;709;1204;923;834 9 4
322498 1075 4 1024 882;1448;1139;626 1 7
322690 1076 2 1188 1317;1058 1 7
323223 1077 7 982 844;1211;844;1242;757;1252;727 1 7
323264 1078 5 634 325;96;1060;868;819 57 2
323984 1079 1 801 801 2 7
324044 1080 17 855 419;876;578;854;591;946;1379;784;1147;1596;901;767;635;639;235;1146;1041 5 2
325087 1081 2 860 1214;506 7 9
325259 1082 4 819 498;1200;882;695 42 6
325455 1083 2 732 269;1194 62 9
325860 1084 10 655 505;842;454;874;407;395;1232;583;542;717 37 3
327051 1085 2 1098 1562;635 14 1
327481 1086 22 1017 1461;1073;889;1396;1469;1153;667;644;826;719;1047;1026;688;1451;1396;379;1216;1322;1333;758;830;633 1 7
327967 1087 1 804 804 89 4
327988 1088 8 864 1305;580;1065;950;259;424;1464;869 1 7
330719 1089 4 955 1704;476;448;1191 1 7
330888 1090 3 760 499;1411;370 43 2
330902 1091 3 994 990;1224;768 5 2
331828 1092 2 1010 1178;841 1 7
331981 1093 2 1289 1242;1336 1 7
332070 1094 2 890 1099;682 153 1
332101 1095 2 1298 1597;999 25 2
332199 1096 1 729 729 1 7
332354 1097 12 911 314;1004;597;777;1174;948;905;1537;658;79;1387;1556 3 4
332994 1098 3 800 1281;398;722 4 1
333033 1099 4 768 968;674;1085;343 196 9
333967 1100 2 678 753;603 1 7
334913 1101 2 688 982;394 2 7
334932 1102 2 840 1050;631 144 1
336309 1103 3 1183 681;1355;1513 5 2
336397 1104 2 611 490;732 1 7
336432 1105 2 731 1088;374 2 7
336730 1106 11 1036 1671;1424;680;544;592;1189;1105;609;1173;1347;1058 85 1
337118 1107 2 1108 1115;1102 38 2
337275 1108 7 846 525;425;1249;691;1514;817;699 90 1
338097 1109 4 494 560;653;396;367 3 4
338247 1110 6 988 1112;575;1134;988;1207;911 1 7
338497 1111 7 511 552;460;73;314;204;1212;765 4 1
338634 1112 2 816 381;1251 17 9
338757 1113 9 737 624;950;1183;735;562;1024;605;819;129 26 6
340544 1114 20 892 1164;900;1447;938;741;1672;607;457;988;1154;420;956;788;1154;65;375;579;1060;1101;1264 1 7
341695 1115 2 861 850;872 1 7
341776 1116 2 996 1292;700 2 7
341849 1117 1 847 847 69 7
345748 1118 2 1220 1260;1179 5 2
346014 1119 2 886 735;1038 3 4
348024 1120 10 973 1068;1105;1330;1550;412;154;878;905;890;1436 1 7
348150 1121 1 537 537 1 7
351321 1122 2 758 1293;224 1 7
353792 1123 5 1114 1550;267;1629;456;1668 15 4
354272 1124 41 966 1125;1348;754;926;1321;566;1007;1098;1198;333;1113;782;1271;1084;1450;1150;1246;1452;1081;257;1384;794;1114;1153;1375;630;1143;531;1517;296;949;841;800;449;1306;661;1172;475;844;843;777 1 7
355945 1125 3 573 934;418;366 1 7
357446 1126 1 1271 1271 1 7
357756 1127 1 1589 1589 50 1
360828 1128 4 1057 1301;1224;874;829 37 3
361839 1129 4 1012 1507;929;1247;365 7 9
371151 1130 6 922 729;1241;322;898;1262;1081 1 7
371178 1131 3 1023 701;1213;1154 10 3
371250 1132 6 755 452;863;663;985;780;788 45 2
371324 1133 26 948 582;1132;685;1293;742;1409;908;877;1591;1148;889;909;927;1466;829;481;892;1689;530;156;1299;203;455;1386;1115;1044 3 4
371393 1134 2 1363 1294;1432 2 7
371404 1135 9 1080 1330;1230;1139;1199;441;1266;636;1700;775 1 7
371700 1136 1 666 666 80 8
371878 1137 2 540 914;167 1 7
371969 1138 1 1427 1427 3 4
372067 1139 2 1250 1310;1190 2 7
372072 1140 1 1262 1262 4 1
372100 1141 2 682 948;417 1 7
372134 1142 3 706 820;515;782 10 3
372164 1143 2 1283 966;1600 3 4
372255 1144 2 774 919;628 1 7
374249 1145 2 782 1265;299 1 7
374266 1146 1 660 660 2 7
374969 1147 8 714 694;713;964;545;528;264;498;1508 6 2
375109 1148 5 1048 778;1028;1323;678;1431 89 4
375200 1149 3 1026 428;1464;1186 1 7
375224 1150 1 932 932 7 9
375669 1151 1 1175 1175 109 8
375788 1152 14 814 706;255;975;1204;588;1195;1502;752;560;518;851;1032;982;279 2 7
375987 1153 4 959 1677;1247;471;442 141 8
376043 1154 2 1208 1066;1350 1 7
376094 1155 5 770 386;792;744;1065;863 1 7
376234 1156 3 707 479;815;828 20 9
376274 1157 2 964 1344;583 1 7
376846 1158 3 891 1349;709;614 5 2
376892 1159 4 663 1037;573;797;246 120 8
376917 1160 2 498 398;599 1 7
377077 1161 2 844 1326;362 65 5
377155 1162 8 538 430;558;518;755;408;497;836;303 6 2
377179 1163 3 544 720;776;135 10 3
377540 1164 16 748 562;1584;687;1053;452;697;661;1146;677;430;587;758;928;540;767;433 115 5
377912 1165 1 1131 1131 6 2
377950 1166 2 1182 1076;1289 5 2
378037 1167 2 682 1214;150 26 6
378166 1168 4 1169 627;1590;1443;1015 1 7
379070 1169 8 895 220;1108;971;1636;803;968;425;1032 13 9
379083 1170 10 994 1025;820;1053;965;1164;792;1467;594;1443;620 1 7
379258 1171 8 941 898;403;362;1376;1124;1368;1331;667 1 7
380349 1172 4 1332 1445;1279;985;1618 1 7
380361 1173 17 962 650;525;1063;1453;1061;1233;568;947;1433;355;722;1666;1191;1168;225;1324;763 8 2
380428 1174 2 1262 958;1567 3 4
380551 1175 2 1120 1100;1139 12 3
380817 1176 6 937 1100;1113;905;1267;572;665 54 1
380878 1177 6 733 391;1131;1225;669;595;389 5 2
380954 1178 3 922 1135;1281;351 7 9
380968 1179 3 918 629;831;1294 10 3
381094 1180 5 867 514;504;1046;957;1315 4 1
381114 1181 15 875 471;900;1056;397;855;1177;971;919;1390;1085;1132;170;1552;592;452 1 7
381241 1182 3 1312 1142;1377;1417 1 7
381322 1183 20 826 692;1182;1330;449;1002;899;1346;88;1123;524;1170;200;949;688;1077;448;604;656;579;1505 1 7
381364 1184 6 844 826;190;458;1532;1156;900 1 7
381446 1185 2 472 569;375 2 7
381542 1186 9 778 466;948;1162;796;655;787;308;877;1007 1 7
381700 1187 2 1035 623;1447 1 7
381780 1188 2 579 880;278 1 7
381790 1189 2 641 572;710 1 7
382047 1190 10 1037 1624;679;1032;1254;1180;1045;290;1018;898;1347 232 4
382082 1191 3 1323 1444;1175;1350 1 7
382118 1192 1 1080 1080 6 2
382414 1193 3 863 1013;476;1101 1 7
382438 1194 2 822 1202;441 9 4
382520 1195 5 1065 1467;1399;1087;1101;270 2 7
382545 1196 5 1039 1433;790;685;1721;564 57 2
382575 1197 2 1124 1272;977 1 7
382699 1198 11 728 292;813;413;416;598;570;1289;1188;371;1033;1022 2 7
382771 1199 2 531 128;934 116 8
382829 1200 3 1174 1304;548;1670 2 7
382887 1201 5 735 992;224;1147;356;954 17 9
383151 1202 2 646 252;1041 2 7
383628 1203 6 842 954;821;671;644;1095;868 27 1
383657 1204 6 709 399;1363;524;1099;288;582 26 6
383702 1205 2 716 612;820 13 9
383778 1206 4 1021 1027;1573;829;655 1 7
384096 1207 1 234 234 43 2
384260 1208 3 982 1069;1053;823 1 7
384280 1209 6 993 1117;928;1554;1331;400;627 2 7
385243 1210 9 845 937;1311;740;342;393;1153;722;1374;631 79 6
385279 1211 7 992 1423;1010;1178;222;779;1674;655 8 2
385340 1212 2 1278 1158;1399 1 7
385422 1213 1 1093 1093 20 9
385462 1214 1 1025 1025 1 7
385466 1215 2 1416 1724;1109 3 4
385502 1216 2 238 136;340 1 7
385547 1217 1 1014 1014 1 7
386563 1218 3 974 620;1371;932 1 7
386576 1219 3 848 1465;919;160 13 9
386783 1220 2 369 653;85 199 7
387211 1221 3 1206 1206;1314;1098 7 9
387307 1222 13 902 252;997;1257;1321;422;666;1219;593;1125;703;1176;861;1137 2 7
387545 1223 2 652 923;381 2 7
387621 1224 12 871 1378;967;1282;652;725;838;552;461;1450;548;303;1297 7 9
387649 1225 3 1368 1214;1213;1678 1 7
387655 1226 1 1010 1010 1 7
387674 1227 2 1080 1720;440 7 9
387713 1228 4 1022 1096;826;1535;632 8 2
387827 1229 5 1004 1119;799;1310;728;1065 1 7
387835 1230 2 598 910;287 2 7
387857 1231 2 510 640;379 1 7
388257 1232 2 1355 1679;1031 16 2
388290 1233 3 1182 1583;956;1007 2 7
388316 1234 3 873 632;397;1591 97 9
388367 1235 6 1012 863;1537;573;1192;1176;730 1 7
388379 1236 3 631 926;457;511 5 2
388420 1237 2 764 603;926 2 7
388432 1238 6 755 258;495;486;1217;1081;991 1 7
388456 1239 7 702 748;113;1118;853;694;620;770 5 2
388471 1240 2 717 516;918 141 8
388474 1241 4 510 419;267;519;835 1 7
388650 1242 1 1007 1007 3 4
388696 1243 5 1255 1065;1307;1018;1549;1337 11 2
388806 1244 5 860 836;709;1701;141;913 1 7
388834 1245 1 756 756 16 2
388912 1246 34 987 1505;1126;1723;1226;592;815;412;699;1097;1113;945;1194;729;375;1025;934;842;1163;1072;1480;1430;965;1230;1233;1111;949;70;1061;655;1196;1181;574;1004;831 17 9
388924 1247 16 881 845;784;893;933;917;947;1168;1202;1006;369;955;1008;514;777;1329;450 311 8
389185 1248 4 1108 886;1570;572;1404 13 9
389272 1249 5 1177 1309;1570;905;918;1184 90 1
389658 1250 4 797 898;822;760;708 2 7
390039 1251 3 818 712;966;777 22 9
390053 1252 2 430 557;302 13 9
390061 1253 4 1180 1265;1198;1078;1177 10 3
390324 1254 2 127 135;119 3 4
390331 1255 5 844 1146;477;620;843;1135 1 7
391110 1256 2 426 183;670 1 7
391805 1257 1 1432 1432 1 7
391914 1258 11 1037 982;1251;943;1133;479;1403;1072;1187;572;1220;1163 1 7
391936 1259 3 537 966;581;63 1 7
392429 1260 11 733 1628;596;302;312;897;961;242;1180;940;310;691 1 7
392589 1261 2 892 1099;685 3 4
392633 1262 3 1165 1377;1039;1079 17 9
392644 1263 3 941 863;945;1014 6 2
392790 1264 3 1027 1128;1213;739 3 4
392806 1265 2 886 802;971 2 7
393238 1266 1 788 788 120 8
393525 1267 5 1190 1225;1003;864;1377;1481 1 7
393540 1268 2 801 891;711 10 3
393889 1269 3 630 536;775;579 7 9
393901 1270 7 871 820;684;808;229;1397;427;1731 1 7
393945 1271 3 986 1293;528;1138 88 5
394520 1272 2 986 639;1334 40 6
394546 1273 2 988 746;1230 1 7
394567 1274 1 1148 1148 4 1
394698 1275 2 816 545;1088 13 9
394716 1276 9 837 669;1150;243;1278;61;1224;677;663;1568 9 4
394923 1277 3 983 951;594;1405 1 7
394994 1278 2 851 873;829 141 8
395169 1279 16 786 260;782;776;163;709;538;731;1011;1068;379;861;994;1184;743;818;1558 5 2
395178 1280 2 500 628;373 6 2
395410 1281 7 894 540;592;565;928;1053;1138;1442 124 4
395593 1282 3 829 907;695;886 1 7
395781 1283 2 682 569;794 4 1
396013 1284 4 966 602;1377;1154;731 54 1
396115 1285 2 860 771;950 37 3
396413 1286 8 735 620;1112;1390;520;1041;599;424;171 3 4
396468 1287 3 707 871;235;1016 1 7
396539 1288 2 817 717;917 2 7
396587 1289 2 818 1057;579 3 4
396926 1290 3 1131 1591;979;823 2 7
396939 1291 2 1408 1307;1508 26 6
397626 1292 3 714 642;548;953 1 7
398021 1293 2 1024 608;1439 128 5
398957 1294 8 910 1234;1104;1183;1105;832;543;453;827 1 7
399110 1295 3 960 739;1559;581 2 7
400048 1296 2 1055 963;1147 1 7
400133 1297 2 361 201;521 8 2
400219 1298 2 976 1319;632 119 5
400267 1299 8 973 820;672;1046;731;1409;1494;614;998 3 4
400407 1300 8 728 1056;1242;622;1015;904;311;316;362 2 7
400457 1301 11 873 385;1211;1526;1127;355;1146;533;665;849;1045;761 1 7
400502 1302 11 805 1005;845;861;1521;595;674;745;867;174;840;730 1 7
400611 1303 4 876 1306;694;542;963 3 4
400762 1304 2 1068 1157;980 2 7
400890 1305 2 452 648;257 17 9
401485 1306 7 964 674;1342;891;1609;790;957;482 2 7
403114 1307 2 1227 1135;1319 1 7
403163 1308 13 900 291;442;972;1251;1344;1221;1065;695;347;926;1388;1178;580 10 3
403440 1309 2 722 858;585 11 2
406111 1310 2 1032 1412;651 329 4
406598 1311 1 271 271 22 9
406751 1312 3 907 1374;352;994 45 2
407128 1313 4 1134 665;1191;1348;1331 6 2
407986 1314 15 764 860;944;770;456;881;179;792;606;633;805;691;983;559;792;1502 1 7
409397 1315 1 1141 1141 3 4
409987 1316 9 924 1406;1244;830;1014;897;546;163;616;1597 1 7
410013 1317 6 782 865;1112;363;549;342;1463 1 7
410462 1318 2 965 917;1013 4 1
412840 1319 3 785 363;766;1225 11 2
413070 1320 2 708 626;789 14 1
413109 1321 2 632 878;387 6 2
413174 1322 8 929 1088;1708;725;528;1117;817;591;860 1 7
413224 1323 10 857 714;1304;885;546;425;783;824;1051;570;1471 140 8
413383 1324 23 758 667;866;64;376;528;469;523;571;417;1154;712;1009;835;1148;1086;1447;482;1329;530;380;1054;1084;699 2 7
413641 1325 3 1032 1585;532;979 55 2
414463 1326 2 737 996;478 2 7
414633 1327 2 1026 1492;559 1 7
414869 1328 5 1156 947;1714;1408;1303;406 2 7
414883 1329 1 392 392 136 5
415161 1330 2 1204 1018;1389 5 2
415566 1331 9 810 679;62;473;1107;777;1293;688;788;1424 209 7
418577 1332 2 688 534;841 1 7
419081 1333 3 657 601;404;965 1 7
419130 1334 5 813 543;990;1158;959;417 1 7
420032 1335 4 584 582;753;496;503 2 7
420085 1336 2 833 1200;466 226 1
421547 1337 3 965 1251;960;684 1 7
421867 1338 4 642 627;1314;303;324 1 7
421915 1339 2 1336 1206;1467 11 2
422842 1340 4 666 503;1287;365;509 1 7
423352 1341 1 871 871 1 7
423461 1342 12 892 873;1328;751;758;691;576;877;823;1583;1178;911;350 1 7
423592 1343 2 773 1040;506 1 7
426638 1344 2 950 996;903 97 9
427331 1345 4 924 611;1557;1244;284 47 7
427815 1346 1 309 309 2 7
428083 1347 2 806 892;721 10 3
428721 1348 2 948 806;1089 65 5
431449 1349 2 496 629;362 1 7
433575 1350 3 1081 1379;1126;738 1 7
433736 1351 6 1064 272;1380;1584;771;1206;1169 1 7
436313 1352 5 1120 1208;659;970;1139;1625 1 7
438012 1353 2 796 1010;581 3 4
439401 1354 5 1328 1430;1516;1260;1518;915 1 7
441120 1355 3 1204 563;1628;1420 5 2
442116 1356 3 614 275;532;1034 2 7
442173 1357 5 983 454;551;1680;920;1312 1 7
443984 1358 1 581 581 1 7
448125 1359 1 598 598 10 3
448199 1360 2 1043 1138;948 3 4
458013 1361 1 785 785 2 7
458077 1362 2 946 901;991 2 7
459184 1363 2 702 489;914 7 9
459196 1364 5 916 603;1464;874;453;1184 1 7
459205 1365 2 808 1171;444 12 3
459246 1366 2 906 1462;350 2 7
459251 1367 5 1189 1443;984;935;990;1595 3 4
459253 1368 3 1071 879;1518;816 1 7
459370 1369 3 364 502;105;484 4 1
459463 1370 5 730 640;307;954;918;831 2 7
459498 1371 4 1199 1389;607;1509;1292 45 2
459520 1372 2 886 1059;714 1 7
459664 1373 3 1130 1184;933;1272 4 1
459673 1374 4 595 91;1333;623;332 1 7
459693 1375 28 969 111;1097;633;544;1689;486;466;1375;1503;698;1038;651;819;479;643;1042;1343;888;1174;973;1252;1497;1506;717;823;693;1417;1584 1 7
460010 1376 4 901 860;706;1098;939 1 7
460021 1377 7 1140 1196;372;1651;1081;1669;715;1298 91 5
460030 1378 6 597 1075;278;522;643;670;395 1 7
460040 1379 10 1060 1614;579;1340;1342;1063;606;1361;478;1516;705 20 9
461207 1380 4 806 1161;560;375;1128 90 1
461717 1381 2 762 763;761 32 8
462016 1382 10 624 667;1163;534;731;976;383;319;302;1094;70 151 9
462101 1383 5 876 1190;846;376;868;1101 29 7
462160 1384 2 814 930;699 1 7
462163 1385 1 1269 1269 4 1
462717 1386 3 784 791;702;858 82 9
462730 1387 94 890 1206;1322;561;87;1288;1320;972;775;1441;1073;868;1129;939;1158;793;1156;1177;1040;840;981;1361;877;1257;731;1473;1093;1122;398;1026;538;433;701;629;1042;712;703;1509;1564;746;1466;256;858;913;965;1167;227;825;1550;576;958;906;1244;785;1130;815;910;907;245;370;1093;643;1339;910;268;1204;1099;301;282;960;692;1691;793;621;770;857;678;804;737;890;800;861;348;1024;1068;425;751;379;355;1477;1236;1181;122;891;972 4 1
462766 1388 3 1078 1298;1147;789 1 7
462828 1389 3 569 948;91;668 26 6
462933 1390 2 482 294;670 7 9
463220 1391 4 725 623;456;972;848 2 7
463259 1392 2 674 669;679 1 7
464879 1393 18 871 1399;948;803;1223;695;723;805;800;548;421;346;1655;494;1103;1290;827;1082;513 1 7
465400 1394 2 940 1223;658 5 2
465464 1395 9 748 1436;748;462;832;783;542;111;781;1037 26 6
465636 1396 2 1022 1212;832 1 7
465719 1397 3 919 1545;828;383 14 1
465797 1398 1 663 663 38 2
465849 1399 3 1286 1174;1055;1628 40 6
466107 1400 1 917 917 1 7
466253 1401 3 642 1193;561;171 1 7
466279 1402 4 834 509;1214;759;855 2 7
466364 1403 9 778 166;1580;591;553;498;620;274;1534;1188 3 4
466412 1404 1 1098 1098 8 2
466481 1405 3 1010 1263;710;1057 3 4
467189 1406 2 684 280;1089 6 2
467425 1407 3 987 780;1220;960 17 9
467459 1408 3 1123 1282;1186;901 3 4
467607 1409 3 730 681;664;845 20 9
467640 1410 2 446 573;318 4 1
468450 1411 9 725 355;314;814;506;576;1520;869;987;581 28 1
468508 1412 5 548 514;161;335;721;1011 1 7
468550 1413 2 714 869;560 1 7
468605 1414 6 1134 1318;1406;1350;784;1426;523 1 7
468763 1415 2 560 541;579 57 2
468798 1416 5 914 1398;921;775;628;850 3 4
468825 1417 6 714 1253;506;1058;423;488;554 4 1
469231 1418 7 1018 1254;747;977;878;1064;1271;936 18 5
469561 1419 1 709 709 2 7
469565 1420 3 747 769;573;899 4 1
469772 1421 3 1039 856;1257;1005 1 7
469787 1422 3 721 1093;675;395 8 2
469792 1423 5 726 1220;938;524;117;830 1 7
469815 1424 3 886 1239;346;1072 208 7
469954 1425 7 787 283;869;1119;891;534;1042;772 30 2
469968 1426 2 930 1036;825 3 4
469990 1427 12 998 1313;583;772;1408;830;1231;1250;872;518;909;1134;1159 1 7
470068 1428 8 845 1177;926;761;572;849;598;882;996 3 4
470107 1429 3 787 599;816;947 1 7
470138 1430 9 1152 1109;1415;814;898;983;1159;1335;950;1703 11 2
470165 1431 2 1255 1621;889 5 2
470192 1432 2 989 1184;794 1 7
470285 1433 3 1106 1017;1041;1259 46 2
473548 1434 2 808 401;1216 1 7
474066 1435 8 903 650;683;1166;912;725;937;1386;762 4 1
474258 1436 8 794 642;477;1602;807;1462;793;70;498 3 4
474275 1437 3 1017 1295;984;771 75 2
474408 1438 3 676 580;1078;370 15 4
474843 1439 14 892 1033;1274;416;917;1389;672;983;479;918;1093;941;632;864;881 27 1
474932 1440 3 643 934;500;494 5 2
475581 1441 21 886 1093;503;1224;374;726;910;951;977;860;1151;528;396;592;1537;1172;671;810;766;996;1428;941 1 7
476960 1442 11 884 587;1401;1239;737;322;952;989;372;802;1153;1172 1 7
478235 1443 2 1210 1392;1028 6 2
478600 1444 2 1000 1487;513 140 8
479531 1445 5 950 1635;578;1365;405;767 81 3
479799 1446 3 825 1016;755;705 118 2
479936 1447 1 1548 1548 3 4
479949 1448 9 1001 548;1647;975;288;1170;1611;925;1030;813 5 2
479961 1449 3 742 504;675;1048 7 9
480081 1450 1 1290 1290 4 1
480267 1451 3 997 1245;977;768 23 2
480387 1452 3 1118 1354;804;1195 46 2
480399 1453 2 968 962;975 1 7
480498 1454 5 966 830;1245;734;1235;786 24 8
480902 1455 3 899 470;1613;613 2 7
480926 1456 3 1117 1324;660;1366 13 9
480945 1457 23 981 1671;1074;387;540;1312;221;1388;807;1581;1184;823;1360;1482;452;570;1138;352;633;569;1729;1545;581;1169 1 7
481104 1458 3 1137 1096;1562;753 3 4
481321 1459 2 1190 1499;881 1 7
481394 1460 1 899 899 19 9
481504 1461 18 916 597;1410;255;713;1340;1087;149;1438;657;993;976;1042;894;722;490;1372;803;1553 1 7
481516 1462 3 568 923;499;281 7 9
481777 1463 2 1228 1260;1197 2 7
481787 1464 2 708 913;504 47 7
481886 1465 25 941 967;1454;1436;698;987;1629;871;505;761;382;1205;1175;975;1040;579;601;1339;1218;682;570;927;1051;982;791;694 7 9
482109 1466 4 941 1135;1364;406;858 90 1
482265 1467 2 1104 823;1386 302 1
482294 1468 5 969 748;1125;1344;1130;499 1 7
482866 1469 3 1038 1008;1027;1078 2 7
483063 1470 3 824 800;730;943 2 7
483330 1471 6 823 664;962;777;1153;1054;330 1 7
483423 1472 9 931 514;707;927;1292;217;1433;631;1467;1187 1 7
483573 1473 2 796 756;835 10 3
483694 1474 2 891 815;967 1 7
483711 1475 4 918 1194;1043;370;1065 5 2
483842 1476 4 1254 1257;1525;990;1244 23 2
483876 1477 2 710 842;577 1 7
483925 1478 1 1250 1250 11 2
484020 1479 2 908 1064;752 93 1
484192 1480 6 943 670;1600;263;1075;1131;919 17 9
484257 1481 9 953 1139;1119;1297;1144;963;601;875;769;672 1 7
484341 1482 3 918 1055;981;718 27 1
486030 1483 2 803 945;661 89 4
486136 1484 6 883 782;1098;898;548;1138;836 234 3
486747 1485 1 1158 1158 35 7
486912 1486 3 903 1336;444;929 17 9
487458 1487 2 1066 1288;844 3 4
487511 1488 9 794 881;1398;491;137;1242;1158;1073;686;81 1 7
487891 1489 4 1004 657;1265;1399;693 1 7
491573 1490 3 607 824;935;61 1 7
491576 1491 8 1095 786;1289;1060;779;1604;1078;945;1220 2 7
491923 1492 1 413 413 8 2
492077 1493 5 945 927;915;1349;1172;361 8 2
492249 1494 2 1196 953;1440 1 7
492310 1495 3 678 523;612;900 1 7
492441 1496 5 823 646;452;1162;780;1076 61 1
492459 1497 17 1039 454;1112;558;1363;1186;895;966;684;992;1690;803;807;886;1114;1185;1572;1396 2 7
492790 1498 4 513 655;148;488;760 5 2
494466 1499 1 1157 1157 1 7
495336 1500 6 1284 1666;1350;1031;1505;988;1166 12 3
495592 1501 5 835 558;953;1517;637;511 1 7
496244 1502 5 1130 1378;669;1160;1311;1130 34 1
496731 1503 2 846 1255;438 1 7
496860 1504 8 881 419;860;1324;86;1240;1650;1333;139 12 3
498534 1505 2 585 479;691 1 7
498604 1506 6 1163 1283;1260;890;1107;1194;1243 1 7
498667 1507 7 1110 1524;1088;1296;685;1568;532;1075 1 7
498880 1508 2 792 794;791 2 7
498885 1509 4 756 319;1187;1299;221 304 3
499178 1510 7 1016 1003;1171;1330;1340;688;578;1003 31 5
500790 1511 4 972 562;646;1494;1188 250 2
500971 1512 5 549 319;562;116;794;956 15 4
501029 1513 17 810 286;754;798;715;1225;1261;1527;594;554;723;591;1154;595;713;1072;1025;185 7 9
502612 1514 4 918 1065;1227;694;688 102 2
502981 1515 2 836 994;678 1 7
503179 1516 5 891 530;1273;652;1002;998 5 2
503220 1517 6 1008 1270;662;1043;1063;670;1337 2 7
503284 1518 3 671 945;987;80 72 1
503858 1519 4 611 575;163;442;1263 19 9
503865 1520 2 782 1307;258 25 2
503893 1521 2 1110 1231;990 74 2
504004 1522 2 1080 1360;801 9 4
504300 1523 3 962 1216;654;1015 2 7
504754 1524 3 899 380;1142;1174 28 1
504989 1525 3 737 898;840;474 1 7
505383 1526 5 904 1247;679;1013;1343;240 1 7
507010 1527 3 848 1290;128;1126 3 4
507073 1528 5 1113 1045;1209;1056;1488;769 109 8
509961 1529 2 920 489;1351 1 7
509991 1530 2 1056 1479;633 248 1
514054 1531 4 1262 1564;907;1411;1168 2 7
514602 1532 5 588 1228;283;983;289;156 4 1
515447 1533 3 1320 1410;1441;1110 15 4
519071 1534 4 738 1072;766;426;687 170 7
520060 1535 4 692 705;223;946;893 1 7
520486 1536 4 860 665;1303;293;1180 16 2
521930 1537 5 845 456;985;777;707;1301 1 7
522425 1538 2 1102 918;1286 29 7
527620 1539 3 892 1138;757;782 23 2
531588 1540 8 1004 1145;1161;1316;1065;1013;252;1026;1056 1 7
531968 1541 1 1244 1244 1 7
532311 1542 4 1308 1401;1429;1333;1070 1 7
534860 1543 3 518 944;62;549 1 7
535076 1544 12 1007 617;685;1430;1278;1447;863;986;832;481;1111;1062;1291 48 6
535316 1545 3 732 878;932;385 15 4
566220 1546 2 1033 1404;662 57 2
566226 1547 4 677 507;199;1397;604 264 5
566338 1548 2 944 1367;520 3 4
566393 1549 8 842 716;1405;1016;1036;1030;854;597;82 245 6
566882 1550 7 610 1108;130;1025;461;923;475;150 2 7
567026 1551 43 914 1273;508;785;939;924;983;802;845;617;798;1163;686;1123;812;1152;1482;622;1046;259;1035;757;873;1276;1381;720;692;682;836;765;1652;1477;723;908;945;1015;227;910;711;894;1053;1127;1023;812 3 4
567159 1552 4 754 992;303;671;1051 4 1
567574 1553 10 1099 1244;1311;1230;813;945;780;1183;891;1063;1526 22 9
567659 1554 6 908 63;883;622;1554;1642;686 2 7
568101 1555 4 739 298;1058;740;860 335 9
568281 1556 3 714 648;1145;349 3 4
568904 1557 10 953 1575;787;1249;705;564;734;1130;1421;493;871 2 7
569021 1558 4 1223 1068;1426;1187;1210 5 2
569091 1559 5 867 562;859;1310;1093;510 75 2
569094 1560 8 935 909;1005;675;836;941;782;1085;1245 1 7
569143 1561 3 820 1089;890;482 7 9
569158 1562 12 686 1239;941;503;832;699;286;238;576;400;914;849;750 77 9
569348 1563 10 909 991;160;1530;130;1124;682;743;998;1387;1343 21 2
569440 1564 6 916 873;1346;1339;968;608;365 31 5
569789 1565 4 597 889;781;301;417 2 7
569792 1566 2 670 897;443 132 6
569797 1567 2 922 993;852 14 1
569826 1568 3 874 599;1560;462 3 4
570206 1569 5 864 1239;1054;627;836;566 2 7
570477 1570 2 1221 1307;1135 1 7
570637 1571 10 984 199;876;1685;730;192;1457;982;1030;1550;1144 43 2
570810 1572 2 1038 1325;751 3 4
570812 1573 4 1412 1281;1549;1484;1335 1 7
570960 1574 3 864 1085;980;528 46 2
572223 1575 1 1495 1495 2 7
572268 1576 16 1004 937;895;841;1003;1257;310;851;625;1258;888;880;1356;1402;1302;612;1646 1 7
572376 1577 1 1218 1218 19 9
572667 1578 6 1109 1199;1332;519;1295;1174;1135 2 7
573209 1579 2 1260 1706;814 1 7
573270 1580 5 564 92;377;611;832;909 309 6
573449 1581 6 871 673;630;469;1269;562;1624 29 7
574131 1582 5 837 1252;495;850;1510;77 2 7
574211 1583 4 1032 1113;427;1334;1256 2 7
574365 1584 4 829 729;990;468;1129 20 9
574404 1585 3 927 867;1080;834 2 7
574584 1586 2 618 954;281 40 6
574816 1587 2 293 258;328 39 1
574974 1588 7 754 819;1150;1258;637;259;162;995 3 4
575336 1589 3 685 817;210;1029 5 2
575701 1590 6 894 652;1631;212;538;1370;961 21 2
576288 1591 3 764 901;619;772 1 7
576365 1592 3 941 918;825;1080 6 2
576547 1593 3 765 846;677;772 4 1
577156 1594 2 834 521;1148 4 1
577169 1595 3 714 687;299;1157 2 7
577252 1596 5 811 859;691;807;1384;315 1 7
579170 1597 3 798 354;1129;911 18 5
579411 1598 3 1042 1048;1093;984 31 5
579553 1599 2 728 798;659 261 7
580741 1600 16 877 849;433;106;1094;539;1732;1136;837;1364;755;459;1190;514;1189;983;847 6 2
580754 1601 20 759 573;304;1362;604;910;1206;986;656;774;394;304;393;1303;169;995;590;967;922;942;826 333 1
580770 1602 6 778 424;591;1163;1028;514;948 1 7
581371 1603 2 1081 1084;1078 2 7
581478 1604 3 760 633;874;772 32 8
582142 1605 4 922 712;623;896;1456 1 7
582304 1606 12 850 1105;728;454;1081;1025;631;983;683;632;157;1494;1223 1 7
582324 1607 4 1340 1530;1464;1215;1151 17 9
582662 1608 2 1010 711;1310 22 9
582744 1609 3 1205 1232;982;1402 1 7
582964 1610 3 837 461;1135;914 1 7
583152 1611 6 1164 854;1476;976;897;1289;1491 1 7
584562 1612 1 1007 1007 4 1
584691 1613 1 1327 1327 16 2
584980 1614 8 1140 1147;1384;1463;1249;894;525;1288;1168 8 2
586576 1615 6 755 822;953;502;1130;648;473 1 7
586741 1616 6 950 878;1216;1034;539;999;1034 4 1
587384 1617 23 860 464;405;798;873;1666;856;698;743;671;1111;1134;613;1184;773;781;1727;747;1238;326;330;854;1167;623 3 4
587759 1618 7 893 1419;1170;543;529;558;566;1466 72 1
588207 1619 2 1110 1056;1164 230 9
588557 1620 11 818 1161;549;554;935;442;707;947;776;795;1386;749 1 7
588600 1621 1 780 780 1 7
588621 1622 3 966 920;1369;610 1 7
588640 1623 1 725 725 5 2
591578 1624 2 638 719;558 49 7
591920 1625 2 860 609;1112 65 5
592091 1626 3 909 1072;845;809 49 7
592995 1627 10 823 1301;1416;229;821;817;963;419;1165;841;257 3 4
593071 1628 2 686 365;1008 1 7
594198 1629 4 944 630;941;1396;810 5 2
594241 1630 19 824 765;953;571;395;988;1279;970;745;1174;815;133;923;909;601;683;530;649;1416;1154 58 6
594308 1631 3 953 1411;1218;230 1 7
596071 1632 3 755 995;954;317 7 9
596154 1633 4 880 574;1058;1259;630 1 7
597597 1634 2 610 524;696 133 1
597795 1635 2 1593 1558;1628 1 7
599187 1636 3 945 483;1245;1108 221 2
599450 1637 2 990 1171;809 61 1
599698 1638 1 1311 1311 14 1
599881 1639 1 596 596 1 7
600458 1640 9 761 777;650;728;1581;579;506;843;432;750 1 7
602487 1641 1 451 451 1 7
602577 1642 3 583 461;1120;167 2 7
602642 1643 3 457 310;536;525 1 7
603862 1644 3 959 1398;940;539 19 9
603898 1645 5 906 316;1434;1590;705;485 2 7
605307 1646 3 1200 1402;994;1204 1 7
