time jobId jobSize runtime tasks user peer
52 1 3 818 885;530;1038 1 50
434 2 2 962 877;1047 40 4
478 3 3 1092 905;1037;1334 36 1
3779 4 5 1051 1196;482;1273;995;1311 1 50
6462 5 15 841 809;992;850;1010;904;1280;592;1289;609;230;583;652;975;1074;761 1 50
7307 6 1 1165 1165 26 53
8431 7 3 710 501;600;1029 50 34
10207 8 2 864 1227;502 2 54
10323 9 3 816 832;679;937 14 27
11145 10 2 780 632;929 5 74
12730 11 9 788 655;320;787;927;1084;573;734;539;1476 72 9
16752 12 3 1225 1591;1266;817 6 81
17834 13 6 970 1221;406;1106;970;1103;1013 9 6
18230 14 7 961 1341;926;857;1107;435;1324;735 95 66
18332 15 5 814 1066;882;631;111;1381 1 50
18358 16 2 499 763;235 1 50
18368 17 3 1172 1237;600;1679 5 74
18386 18 27 816 568;1626;967;1066;742;256;968;896;1082;795;1525;1204;1431;549;1528;789;382;344;1011;313;285;475;802;724;446;644;614 7 70
18880 19 2 878 870;885 2 54
18904 20 1 468 468 1 50
18927 21 2 806 1032;579 5 74
19374 22 1 1006 1006 3 14
19409 23 1 1207 1207 19 64
19524 24 4 877 1269;802;814;622 312 20
19534 25 7 869 1031;993;917;1202;685;883;373 9 6
19579 26 1 1033 1033 2 54
19638 27 3 776 1021;853;454 1 50
19691 28 5 867 1033;860;224;1443;773 18 57
20251 29 1 548 548 1 50
20281 30 3 1115 1241;1218;887 36 1
20447 31 3 756 683;805;780 3 14
20499 32 2 1648 1599;1697 2 54
20559 33 2 426 441;410 7 70
20591 34 4 978 1231;1206;674;802 3 14
21355 35 3 885 376;1127;1151 48 34
21366 36 2 1136 1116;1157 255 73
21407 37 1 1315 1315 3 14
21553 38 3 492 129;658;689 1 50
21610 39 3 955 797;935;1132 2 54
21940 40 18 854 1334;1579;937;656;475;634;507;601;499;332;438;693;763;1424;806;1547;636;1508 11 92
21959 41 6 944 1389;1470;545;777;403;1077 1 50
22294 42 4 1010 984;1284;1252;519 92 42
22940 43 3 847 956;899;687 1 50
22966 44 5 1062 920;1348;1111;1087;846 186 60
23140 45 3 853 719;468;1371 1 50
23182 46 3 1085 848;971;1437 7 70
23506 47 3 909 807;708;1213 1 50
23806 48 2 710 426;994 24 60
23821 49 2 718 649;787 4 56
23861 50 3 876 969;1074;585 23 48
23891 51 3 1003 1449;599;962 12 30
23928 52 14 746 746;1081;794;107;956;711;1409;1158;390;746;887;827;310;321 1 50
24590 53 4 1102 1728;886;773;1020 2 54
24644 54 1 632 632 3 14
25024 55 2 1038 1644;433 234 50
25045 56 2 796 722;871 1 50
25144 57 2 1146 1161;1132 17 86
25163 58 3 841 845;1124;553 3 14
25175 59 6 883 1217;958;742;366;783;1230 1 50
25364 60 251 898 214;1006;888;362;684;1652;501;217;1364;352;347;957;514;1345;585;603;756;1071;1576;681;1398;813;1065;178;353;1262;1200;1233;628;1626;1336;1029;1269;623;854;1548;1078;1063;1240;565;778;1055;1219;658;600;839;963;692;530;988;861;1529;952;1019;1273;502;716;331;529;840;374;524;1298;1525;588;624;633;1679;939;695;326;1518;430;1465;176;1210;350;1018;716;1310;729;1014;1416;1010;1011;1027;677;1181;1268;998;1291;1132;1340;1056;969;821;1319;876;336;481;685;892;498;1320;732;1153;239;721;810;429;945;554;1446;554;698;143;1357;1246;229;839;1447;1365;303;435;745;1355;736;1062;929;838;1343;1228;1343;1003;1205;1505;1243;818;295;1358;1161;820;820;1144;1060;1586;920;1576;538;538;999;338;1329;1082;876;1719;540;722;1314;1137;547;247;1291;963;998;1159;1360;679;885;918;1042;627;783;1271;907;165;67;245;1603;203;853;1437;536;330;789;562;389;789;1279;819;448;1320;1711;712;1270;1164;1682;711;651;1393;716;625;517;1003;846;799;865;924;1259;786;793;827;855;484;641;939;601;1523;1052;827;1323;512;183;1129;684;927;886;815;322;742;702;966;822;240;948;872;543;1106;590;1328;1446;1011;828;1735;1140;1534;841;750;878;395;1085 4 56
25761 61 16 763 592;945;1561;376;999;745;291;542;866;877;952;665;911;350;912;617 3 14
25876 62 3 623 587;743;539 3 14
25967 63 1 572 572 70 68
26012 64 3 961 1284;536;1062 1 50
26063 65 3 1037 1412;626;1073 5 74
26399 66 4 818 678;335;913;1347 12 30
26437 67 2 938 995;882 1 50
26515 68 3 889 1004;912;750 2 54
26523 69 27 1052 1338;876;559;1138;1709;1199;1586;571;919;1615;979;623;956;484;1046;1210;882;1093;738;1497;555;933;725;1615;1625;1130;816 1 50
26563 70 2 826 984;669 7 70
26589 71 5 857 523;1110;1221;1115;318 5 74
27137 72 2 1211 1556;866 10 26
27158 73 3 1329 1168;1332;1487 3 14
27209 74 3 1174 904;1345;1272 23 48
27252 75 5 1017 1188;976;1140;917;863 1 50
27332 76 2 490 128;852 1 50
27348 77 2 856 1275;438 1 50
27359 78 5 747 1185;174;1012;734;630 1 50
27387 79 5 1098 1111;574;1513;739;1553 1 50
27585 80 8 699 1093;1289;455;337;401;1006;602;406 2 54
27693 81 3 995 1204;571;1210 341 57
27708 82 24 922 986;956;1232;924;413;163;191;1390;665;845;1334;1423;747;1327;545;320;322;1582;908;1166;1206;1494;1105;874 1 50
27725 83 3 693 741;396;942 39 68
27776 84 22 844 1071;275;1044;858;626;669;1180;606;968;558;841;1172;1018;652;769;405;1403;183;1432;423;1027;1399 4 56
27982 85 2 446 511;381 8 94
33070 86 2 926 767;1085 21 2
33075 87 25 778 775;1102;838;431;793;313;1190;743;692;669;610;473;1104;129;1182;573;702;709;978;881;445;517;967;1053;1585 8 94
33385 88 3 883 599;991;1058 12 30
33427 89 5 1069 1358;851;1340;752;1045 6 81
33452 90 2 589 250;928 2 54
33513 91 12 990 1102;659;897;1720;629;1334;697;303;970;1494;1099;971 3 14
33520 92 3 1114 378;1485;1479 15 4
33894 93 1 542 542 2 54
33901 94 5 945 1002;616;1436;1110;559 11 92
34212 95 2 496 430;562 24 60
34409 96 23 895 598;962;1000;756;657;1628;583;308;801;1036;809;1496;674;1094;1185;1185;1419;648;993;630;804;403;924 1 50
34503 97 2 1425 1482;1368 2 54
34578 98 3 745 1199;595;440 1 50
34814 99 1 1248 1248 75 59
34821 100 3 831 484;444;1565 14 27
35073 101 2 1338 1289;1387 18 57
35090 102 7 1165 1372;1137;1008;1167;1098;1421;954 1 50
35268 103 2 824 1048;599 9 6
35314 104 2 761 765;757 8 94
35432 105 5 611 708;1195;230;217;707 10 26
35441 106 2 1266 835;1698 115 55
35445 107 5 964 1365;1081;724;604;1045 1 50
35706 108 2 848 1106;590 10 26
35930 109 3 957 978;1035;859 25 76
35948 110 2 950 1169;732 6 81
35963 111 3 580 602;519;620 1 50
35989 112 2 557 582;532 100 86
36027 113 3 936 772;1334;703 1 50
36205 114 1 881 881 1 50
37097 115 2 1112 1645;578 6 81
37142 116 2 633 750;516 8 94
37230 117 2 561 458;664 6 81
37285 118 4 1002 1070;817;1489;633 12 30
37738 119 15 949 1153;684;603;972;737;562;763;1085;1030;1335;1325;663;1246;848;1231 6 81
37765 120 5 1045 1470;975;615;658;1508 1 50
38157 121 3 484 838;134;479 3 14
38321 122 5 921 665;774;1475;493;1196 16 19
38365 123 1 730 730 1 50
38451 124 5 719 469;937;505;1285;399 24 60
38469 125 8 943 877;1055;1243;736;1092;701;938;899 24 60
38526 126 4 879 809;1096;526;1086 1 50
38589 127 1 1170 1170 51 93
38602 128 2 990 867;1114 56 19
38663 129 3 900 1164;414;1123 8 94
38835 130 3 663 792;360;836 1 50
38863 131 6 1102 1629;1338;883;1396;398;968 17 86
39010 132 9 731 90;1315;1447;154;739;620;730;808;680 4 56
39039 133 2 750 555;944 256 73
39187 134 1 933 933 4 56
39222 135 5 531 1079;204;498;281;592 187 13
39268 136 1 1185 1185 1 50
39280 137 2 916 1018;814 41 88
39373 138 3 936 660;1289;858 17 86
39389 139 3 823 604;477;1387 1 50
39408 140 9 902 711;1403;307;913;1390;1374;575;835;614 1 50
39589 141 5 806 370;992;895;789;984 1 50
39711 142 2 813 362;1264 2 54
39782 143 2 860 897;823 1 50
41773 144 6 1035 955;875;310;1531;1348;1191 15 4
41874 145 1 889 889 2 54
42031 146 6 984 1021;802;1203;773;1260;843 3 14
42056 147 4 1186 1560;466;1567;1152 11 92
42299 148 4 634 565;768;843;361 151 37
42411 149 2 958 967;950 2 54
42485 150 2 1230 1273;1186 6 81
42739 151 1 1107 1107 3 14
42784 152 18 1055 830;882;1097;1518;1388;1418;1252;1558;959;1132;1026;912;948;920;322;825;1210;797 35 16
42823 153 6 1084 1201;1038;402;1667;1146;1053 5 74
42850 154 5 917 748;612;791;1487;946 5 74
42931 155 3 726 780;824;574 1 50
42939 156 8 850 547;931;1033;555;1444;93;1003;1194 75 59
42941 157 5 1013 943;994;1586;623;918 1 50
45112 158 5 1029 1370;1288;963;837;685 13 34
45189 159 2 846 1368;323 1 50
45219 160 31 954 1186;1112;763;712;168;1006;1005;816;920;1353;1125;812;472;1639;1057;466;1271;570;1269;1381;1719;935;471;1138;1009;1324;714;1160;1117;69;820 1 50
46459 161 4 655 923;133;573;990 2 54
46748 162 3 1208 1481;601;1542 5 74
46766 163 1 543 543 1 50
46804 164 1 525 525 17 86
46841 165 5 798 809;277;418;891;1593 2 54
47137 166 4 1044 1033;1034;761;1350 1 50
47367 167 13 737 1150;446;911;776;715;171;597;601;826;644;775;794;1181 4 56
47620 168 92 926 849;906;564;780;976;495;262;1337;445;326;1160;1708;1071;1320;948;1022;1286;1044;680;676;1138;821;1256;1178;1327;1248;1366;142;1038;599;889;757;651;943;975;1135;657;279;607;989;1127;691;686;1479;740;490;1219;1021;528;551;848;765;1604;1074;1604;1059;1035;906;741;754;422;1193;1422;181;184;1053;1085;1065;1623;1215;149;920;951;1089;1343;346;536;1400;1398;1356;176;1192;1291;1160;1302;454;1420;703;968;1252;566;971 3 14
47670 169 8 852 837;1051;994;458;438;1114;1070;851 4 56
47685 170 2 638 127;1148 1 50
48935 171 5 1104 838;1307;1401;1362;610 1 50
48950 172 4 590 593;546;202;1019 357 85
49106 173 4 841 98;1394;1663;209 2 54
49158 174 7 947 1347;1109;343;996;1246;833;755 6 81
49195 175 7 944 935;693;862;549;1450;698;1424 1 50
49223 176 11 627 611;716;749;655;792;708;700;1125;62;259;518 1 50
49251 177 2 734 688;779 8 94
50029 178 3 1116 833;1230;1284 6 81
50151 179 3 827 716;1114;652 166 26
50189 180 2 452 587;318 3 14
50214 181 4 897 1306;696;772;815 5 74
50390 182 3 802 1166;368;872 3 14
50405 183 2 1434 1485;1382 316 28
50449 184 3 1090 1123;1264;882 5 74
50469 185 5 1000 917;535;1033;1511;1006 33 69
50602 186 5 956 430;1079;1590;898;783 4 56
50639 187 1 771 771 9 6
51021 188 2 753 1034;472 4 56
51044 189 10 835 581;433;479;1068;1007;712;821;526;1384;1343 2 54
51153 190 10 978 1149;1107;1277;1547;771;1044;833;621;436;999 29 86
51243 191 1 1525 1525 45 69
51267 192 2 1160 1174;1147 156 49
51432 193 2 738 892;585 1 50
51485 194 7 845 1121;937;1030;656;576;793;801 1 50
51765 195 52 807 424;791;1372;698;1085;960;680;468;904;580;1226;663;886;559;437;362;1337;811;966;692;924;539;871;943;1109;718;596;190;1539;1232;1220;1161;188;207;539;1141;671;1303;666;742;1397;480;415;560;1256;405;717;557;1089;668;1260;742 2 54
51801 196 10 845 937;1143;1305;1143;61;1329;439;877;224;992 339 22
51887 197 3 1073 614;1293;1313 27 62
51973 198 2 764 1105;422 2 54
52050 199 7 1015 1484;1234;665;664;1238;782;1036 301 32
52097 200 10 1008 1198;614;1027;524;1139;892;919;1663;952;1156 2 54
52195 201 13 968 712;1408;1444;1409;490;692;1214;980;1001;509;950;1145;627 2 54
52394 202 5 1159 1074;1049;1096;1118;1458 3 14
52556 203 3 783 624;625;1100 1 50
52604 204 2 1193 1270;1116 2 54
52800 205 64 839 491;849;1490;483;966;685;856;1400;404;573;1348;1364;1148;1194;222;850;995;476;912;881;946;530;450;1025;878;1030;944;893;1123;213;1155;985;1307;768;76;719;1023;378;844;1349;599;689;869;632;1262;674;833;908;1141;638;868;1211;761;921;1001;806;652;1525;614;249;614;1007;348;633 14 27
53030 206 2 1154 1132;1175 4 56
53057 207 5 866 852;965;605;1195;712 1 50
53318 208 3 769 1086;553;668 1 50
53400 209 3 1059 870;1233;1074 1 50
53470 210 2 986 743;1229 20 89
53615 211 4 618 767;531;688;488 64 18
54289 212 3 989 793;1120;1053 1 50
55256 213 13 862 626;1115;1082;771;444;847;851;949;1455;493;714;652;1206 22 25
55505 214 3 841 561;683;1279 7 70
56125 215 9 786 934;536;1534;475;780;267;975;916;655 2 54
56246 216 3 942 749;784;1292 23 48
56536 217 7 1207 1061;1243;1309;980;1089;1452;1316 2 54
56574 218 3 1150 1525;630;1295 1 50
57075 219 19 935 799;785;795;869;1049;1262;872;925;1019;800;1105;1210;596;1186;1687;266;946;508;1086 2 54
57326 220 3 939 482;1488;848 218 37
57448 221 1 996 996 1 50
57598 222 3 818 1047;438;970 2 54
57638 223 6 854 1119;92;1009;599;1304;1000 122 4
58234 224 8 966 936;760;852;1513;829;1280;683;873 1 50
58267 225 10 962 1088;489;104;538;1702;1703;1072;381;1390;1149 3 14
58607 226 5 867 785;1064;731;969;787 1 50
58828 227 2 1052 905;1200 125 18
58994 228 2 501 745;257 8 94
59009 229 2 1078 1018;1139 22 25
59667 230 5 890 368;1073;536;1238;1236 4 56
60562 231 2 1301 918;1684 1 50
60570 232 2 372 651;93 1 50
60707 233 3 1220 1036;1388;1237 1 50
60854 234 6 902 747;362;1053;1119;1010;1119 8 94
60962 235 5 815 778;1080;1188;493;537 5 74
60983 236 3 974 1266;1202;455 1 50
65904 237 2 587 907;267 1 50
65929 238 2 503 716;290 1 50
65996 239 1 588 588 1 50
66118 240 4 1006 1518;826;652;1029 1 50
66205 241 3 290 302;429;139 13 34
66326 242 15 994 614;619;1303;964;376;1476;633;708;1385;953;1501;1381;819;1071;1112 2 54
66345 243 2 1070 664;1477 38 29
66409 244 2 666 819;514 1 50
66492 245 6 692 694;284;920;1042;444;769 309 75
66672 246 3 1035 1260;1157;689 6 81
66988 247 1 1107 1107 3 14
68175 248 4 857 539;1540;557;791 14 27
68304 249 3 1181 1332;1478;733 94 97
68727 250 3 982 1038;1005;903 3 14
68742 251 1 1168 1168 1 50
68864 252 3 954 969;1379;515 68 23
69830 253 7 752 1046;464;408;636;520;1486;702 32 26
69856 254 3 823 697;1133;639 1 50
71218 255 1 664 664 1 50
71981 256 3 1237 1650;1035;1026 1 50
72037 257 6 788 741;650;759;426;1306;849 1 50
74485 258 2 320 407;234 3 14
74784 259 3 601 390;803;611 6 81
75216 260 2 750 975;526 6 81
75515 261 4 558 710;422;612;488 2 54
75892 262 3 776 454;1270;603 1 50
76378 263 2 608 458;757 34 68
76400 264 2 956 1061;852 2 54
76482 265 3 1172 761;1482;1272 2 54
76547 266 9 604 1056;1039;1274;143;360;240;470;243;607 1 50
77232 267 2 870 920;820 1 50
77411 268 7 841 978;1163;634;739;1670;325;377 1 50
77907 269 3 1146 1320;1149;968 127 11
78414 270 2 1055 1006;1104 7 70
79138 271 1 1520 1520 7 70
79240 272 1 758 758 1 50
79635 273 7 757 1033;1108;134;422;839;1093;667 7 70
80998 274 4 753 792;1642;312;266 1 50
81013 275 3 802 1592;545;270 3 14
81255 276 2 949 715;1183 1 50
81366 277 1 1414 1414 2 54
82928 278 1 762 762 3 14
83766 279 11 828 1394;1076;1208;469;434;667;785;785;727;757;809 3 14
83912 280 10 948 1472;1089;802;466;1083;1200;442;1398;1303;230 1 50
86601 281 4 1260 1721;1278;1284;759 2 54
86959 282 2 730 588;871 19 64
87292 283 2 748 649;846 17 86
87759 284 6 939 1351;253;813;1158;1013;1044 97 19
88080 285 10 821 967;479;294;1104;588;1191;1134;672;719;1060 11 92
88205 286 1 769 769 3 14
88362 287 7 859 474;776;1320;861;861;645;1076 16 19
88421 288 3 1142 1210;1246;970 11 92
91317 289 16 954 628;647;896;1410;1148;1208;606;1410;1541;1610;703;967;707;336;360;1079 1 50
91443 290 2 698 99;1298 2 54
91519 291 3 985 781;757;1418 95 66
91988 292 20 916 1138;1524;1240;656;1262;950;844;1072;933;677;158;224;1274;868;978;1294;1307;529;714;683 2 54
92102 293 4 472 383;453;381;669 16 19
92918 294 3 739 830;902;484 1 50
93525 295 4 1102 1057;691;1712;946 1 50
95486 296 3 948 1137;931;776 5 74
97838 297 2 784 567;1001 1 50
104356 298 2 950 725;1175 8 94
106219 299 1 934 934 3 14
106530 300 4 977 714;1190;988;1016 1 50
106558 301 3 873 504;588;1526 1 50
106651 302 3 870 667;1482;461 14 27
106830 303 23 952 1500;781;662;966;864;944;984;680;1003;142;1274;989;1685;459;1415;1312;1172;1029;738;904;979;692;730 1 50
106852 304 2 866 739;994 5 74
106862 305 30 824 1002;103;679;328;732;922;1111;1223;653;380;319;1269;403;1212;469;1035;1545;1348;454;486;603;1600;1214;566;1201;246;995;501;1403;716 5 74
106884 306 5 1196 934;1387;1486;1489;682 3 14
106910 307 13 889 1224;1154;527;456;1549;1318;770;360;980;590;609;812;1203 8 94
107004 308 40 776 1169;1020;1030;166;618;495;498;487;316;1113;152;911;1043;1113;1168;513;817;259;642;1100;1215;189;490;875;939;1097;1111;619;1105;1046;1192;933;778;1065;492;264;628;1389;481;514 1 50
107117 309 2 1018 1270;766 1 50
107173 310 2 1104 1116;1093 17 86
107206 311 2 918 1047;788 49 49
107428 312 3 1051 1314;973;866 2 54
107473 313 7 1026 827;1193;1703;1178;1020;785;479 17 86
108132 314 1 288 288 32 26
108196 315 2 1148 651;1645 4 56
108268 316 2 540 278;803 265 96
108446 317 5 950 566;1288;1140;1327;430 1 50
108478 318 1 1000 1000 1 50
108480 319 2 364 609;118 1 50
108568 320 2 436 760;111 4 56
109527 321 3 871 1280;472;860 1 50
109797 322 4 1020 606;1337;994;1141 1 50
110034 323 7 674 707;307;422;1471;163;143;1505 1 50
110061 324 4 834 1278;699;1030;327 1 50
110069 325 2 1060 685;1435 1 50
110106 326 6 869 558;1226;1482;655;828;465 5 74
110201 327 2 814 419;1209 52 7
110287 328 2 1084 1129;1039 2 54
110618 329 7 1079 1505;1029;792;804;1178;1047;1200 71 22
111148 330 6 823 999;126;687;610;1716;802 34 68
111200 331 2 730 119;1341 1 50
111271 332 2 968 1107;830 11 92
111276 333 3 1214 512;1440;1689 1 50
111319 334 2 1316 1614;1017 3 14
111366 335 1 76 76 1 50
111385 336 4 1073 1011;1356;797;1127 4 56
111403 337 2 808 270;1346 1 50
111454 338 11 884 370;832;931;733;1396;201;914;846;1405;1139;957 86 55
111501 339 8 884 1088;467;790;1355;929;420;980;1044 109 54
111534 340 2 1172 760;1583 2 54
111574 341 2 188 312;65 2 54
111851 342 5 963 1261;367;746;1496;946 5 74
111868 343 4 783 410;770;1135;816 1 50
112098 344 3 705 847;266;1001 1 50
112303 345 1 181 181 235 47
112323 346 3 1111 1189;980;1164 13 34
112389 347 3 841 643;1187;692 37 49
112711 348 4 1016 802;1636;898;730 3 14
112727 349 1 1021 1021 1 50
113070 350 8 1046 873;1629;979;990;1240;617;631;1411 38 29
113098 351 2 1216 1158;1274 1 50
113107 352 5 945 1030;683;522;784;1706 1 50
113112 353 22 893 901;1595;880;483;817;1412;635;1515;1108;900;1345;442;292;801;1194;917;639;1101;611;858;584;620 1 50
113278 354 3 846 669;937;931 2 54
113652 355 3 593 691;622;466 2 54
113692 356 3 896 698;1084;905 1 50
113758 357 6 690 450;770;649;1369;684;219 1 50
114114 358 3 666 1184;305;509 2 54
114252 359 2 782 258;1305 212 21
114256 360 3 1120 736;1570;1055 1 50
114515 361 4 1090 882;851;1132;1495 24 60
114524 362 1 1101 1101 56 19
114554 363 3 522 218;1167;181 12 30
114560 364 4 928 494;1063;1516;637 2 54
114567 365 4 998 878;1006;1670;440 2 54
118076 366 6 1063 356;1223;864;872;1487;1574 20 89
118091 367 6 666 1138;641;435;258;522;1004 1 50
119357 368 4 1031 629;1213;1511;771 3 14
121510 369 2 1350 1025;1675 24 60
121735 370 1 1717 1717 1 50
121786 371 7 790 1547;694;978;556;646;1033;76 8 94
121844 372 4 871 755;692;1234;804 3 14
121864 373 4 1208 1600;676;1175;1381 43 48
122074 374 7 992 1089;882;658;1223;1057;1027;1007 256 73
122137 375 2 800 515;1086 2 54
122269 376 4 736 482;611;642;1208 2 54
122367 377 2 1022 747;1296 70 68
122731 378 2 984 701;1268 1 50
122752 379 2 1186 749;1622 102 32
122824 380 1 962 962 2 54
123085 381 12 984 628;233;605;1627;819;1112;1204;1189;696;1551;1581;565 2 54
123144 382 5 883 771;876;841;1293;635 1 50
123158 383 4 946 1305;502;837;1142 39 68
123199 384 6 1106 1536;1419;526;1286;1070;799 5 74
123204 385 2 944 798;1091 45 69
123418 386 2 1078 1087;1068 1 50
123511 387 6 1009 978;337;1093;752;1364;1531 1 50
123584 388 7 652 512;213;915;441;322;1203;956 3 14
123923 389 2 918 774;1062 160 37
123930 390 3 978 489;905;1539 1 50
125450 391 2 1449 1535;1363 1 50
125813 392 8 904 1596;737;222;1041;653;1387;1228;371 1 50
125874 393 30 926 749;1082;323;764;1207;674;507;446;517;733;764;1341;929;1592;1346;774;1209;992;824;1549;1200;1071;1485;680;1345;481;935;486;1417;368 3 14
125920 394 2 953 1022;884 1 50
125943 395 6 968 1506;1044;689;707;1024;835 43 48
126045 396 2 956 1279;633 14 27
126090 397 2 1230 1624;837 5 74
126645 398 4 1068 667;1223;936;1448 2 54
126667 399 2 896 1171;622 6 81
126689 400 10 1083 944;1625;1500;663;1484;1412;1075;518;1126;485 1 50
126729 401 3 598 256;652;886 1 50
126768 402 45 921 406;623;1597;875;520;540;1369;849;400;135;1559;552;366;603;273;1263;589;1308;302;1239;570;1075;1051;785;208;1138;1577;647;1444;1632;243;1209;1156;1423;1023;1487;869;1342;1056;705;1344;496;1240;1176;1183 2 54
126904 403 1 1351 1351 1 50
127387 404 17 1065 888;1657;334;902;1571;1236;866;1286;718;921;1534;963;1267;972;923;1189;882 3 14
127511 405 3 494 993;410;78 1 50
127592 406 3 540 459;688;474 2 54
127657 407 3 715 670;511;963 7 70
127892 408 4 1119 800;1194;1206;1277 83 92
128102 409 3 838 1239;741;533 1 50
128130 410 2 768 458;1078 81 74
128137 411 1 954 954 2 54
128562 412 5 1048 881;1652;967;988;754 2 54
128571 413 2 354 147;561 1 50
128581 414 5 888 1382;1026;433;501;1100 247 34
128677 415 3 702 885;818;403 3 14
130959 416 7 971 1435;970;1028;627;527;1373;839 1 50
130974 417 5 736 756;854;942;802;326 6 81
131311 418 2 1044 430;1658 4 56
131469 419 5 991 798;1213;833;941;1169 59 4
131513 420 4 914 1247;345;1268;794 8 94
132992 421 3 866 596;883;1120 6 81
133014 422 13 955 1022;1264;1428;285;1417;833;499;771;887;1661;1040;742;562 59 4
134572 423 75 918 471;731;533;1211;1594;781;1147;551;735;486;672;551;1633;909;608;723;1107;976;783;506;620;801;1027;1315;1475;1097;1463;969;1293;692;822;1549;1080;1563;747;1172;996;1153;845;1175;1483;323;1075;504;1046;1137;1034;1143;1095;672;890;739;1454;870;734;1274;1060;170;402;1025;763;1161;1238;1426;412;986;1425;555;72;788;471;615;879;943;425 73 67
134846 424 3 1034 943;1136;1023 5 74
135160 425 2 778 647;910 4 56
135212 426 2 524 216;833 1 50
135432 427 10 947 1055;595;760;742;934;598;891;1404;938;1550 5 74
135457 428 47 880 999;1001;900;1592;778;1675;1080;712;653;704;346;1348;611;239;755;1178;883;1053;792;873;784;1162;610;312;598;389;1250;1217;235;1165;1180;416;1426;1224;617;1229;912;928;352;838;998;273;1510;948;583;837;1175 1 50
135511 429 1 1176 1176 1 50
135694 430 14 892 920;1071;824;1284;788;1008;643;499;116;1163;1173;1324;1359;310 18 57
135764 431 1 1007 1007 24 60
135821 432 4 900 862;1587;664;485 23 48
135865 433 1 553 553 4 56
136031 434 5 1066 1479;574;935;1564;780 36 1
136847 435 5 871 1730;789;1128;254;453 1 50
136915 436 10 1214 1418;1629;1261;1527;575;1413;1055;1255;1149;859 7 70
137135 437 15 817 654;142;253;471;217;994;988;418;1207;1608;935;909;1413;1056;984 34 68
137204 438 6 962 475;1373;486;1227;1262;952 18 57
137255 439 11 1000 1583;1101;751;745;904;978;1127;1356;1080;678;696 2 54
137312 440 2 908 717;1098 32 26
137441 441 2 998 917;1079 8 94
137780 442 1 439 439 40 4
138176 443 3 1016 978;1216;855 13 34
138245 444 3 1085 1521;507;1226 3 14
139586 445 24 839 447;624;443;1503;1105;1068;1183;958;807;276;1199;390;1044;1162;625;727;459;1177;483;712;1090;921;558;1184 1 50
140179 446 22 883 1421;1029;594;1132;475;1191;1168;1358;906;803;347;785;1244;628;667;588;710;1213;237;978;1263;693 1 50
140236 447 2 541 236;846 1 50
140799 448 18 945 1038;1310;1078;1182;1426;1010;819;1413;1175;373;874;134;882;819;460;682;1688;644 41 88
140823 449 3 1002 555;1551;901 11 92
141153 450 4 960 527;1123;1366;825 8 94
141332 451 2 616 636;597 2 54
141536 452 1 651 651 3 14
141569 453 8 777 1134;1013;725;169;652;312;1048;1162 8 94
141836 454 4 958 1175;1010;1103;542 37 49
142813 455 1 1491 1491 1 50
142877 456 2 903 860;946 142 18
143011 457 2 717 609;825 304 25
143443 458 2 1079 929;1229 1 50
144296 459 15 917 1033;847;262;996;1316;1099;1696;673;1069;546;751;991;847;664;969 1 50
144384 460 3 847 667;1150;723 1 50
144632 461 1 832 832 21 2
144830 462 2 734 862;606 218 37
145027 463 1 406 406 8 94
145580 464 2 867 685;1049 1 50
145655 465 8 938 1150;286;934;969;799;938;1103;1327 2 54
146249 466 7 818 460;871;1139;1078;715;558;902 2 54
146284 467 2 513 437;589 58 92
146330 468 3 921 947;1232;583 11 92
146589 469 3 1246 1300;1149;1290 4 56
146608 470 13 1108 790;1030;1434;1169;1372;377;1009;1082;1695;703;1655;1435;647 33 69
146670 471 4 608 437;1269;616;110 3 14
146961 472 26 901 564;856;942;1027;656;1037;637;1206;1507;402;1609;842;430;806;1037;1133;901;853;633;918;310;1501;1001;634;746;1239 4 56
147104 473 11 1086 1143;469;1409;1072;1212;847;1430;1430;89;1373;1477 2 54
147594 474 4 852 975;669;723;1042 1 50
147607 475 6 892 607;700;1628;564;948;906 92 42
147614 476 1 839 839 5 74
150574 477 5 1043 1057;470;1402;700;1586 1 50
150709 478 4 1192 1542;1021;1028;1179 1 50
150835 479 14 882 991;759;555;407;1402;929;572;929;1226;920;1107;729;1141;680 15 4
151293 480 9 717 603;672;840;593;620;1054;279;607;1183 33 69
151783 481 11 1209 1516;1407;1032;1004;1396;917;1318;1320;261;1598;1527 1 50
151919 482 11 949 872;1280;867;560;953;703;848;1337;831;1386;801 2 54
151938 483 5 1083 1316;692;1512;1042;853 2 54
152176 484 5 1007 459;1236;993;1290;1057 1 50
152328 485 9 1025 1024;1080;1339;1130;1655;385;162;1149;1303 9 6
152430 486 3 584 359;806;586 2 54
152494 487 3 757 869;857;546 3 14
152636 488 5 1060 746;931;1596;1040;989 2 54
153159 489 4 860 473;1128;764;1074 2 54
153607 490 3 904 680;772;1260 6 81
153694 491 4 966 748;1099;1261;757 7 70
154406 492 15 958 1214;807;1696;1000;563;1351;466;1450;180;904;963;907;764;914;1192 11 92
154440 493 2 919 1210;628 173 90
154509 494 1 1374 1374 267 92
154754 495 12 929 877;1013;849;814;164;1189;801;1298;1731;643;660;1106 40 4
154765 496 4 884 1714;359;746;715 1 50
154846 497 2 1314 1418;1210 1 50
155001 498 3 1302 1027;1505;1374 2 54
155250 499 2 810 760;861 13 34
155674 500 6 810 1336;290;1277;759;485;711 4 56
155692 501 4 1092 880;1386;781;1323 1 50
155769 502 1 1580 1580 16 19
156636 503 4 849 1116;1213;576;490 2 54
158124 504 4 1164 1325;861;1154;1316 23 48
158426 505 1 1127 1127 15 4
164299 506 3 690 894;493;682 149 88
164430 507 4 1005 665;1189;587;1578 1 50
164461 508 5 810 876;1105;733;823;515 20 89
164504 509 3 982 1083;832;1031 13 34
164575 510 2 1036 738;1334 1 50
165123 511 3 1135 1147;1158;1099 7 70
165582 512 2 866 1083;649 26 53
165913 513 2 1078 945;1211 9 6
166021 514 3 1030 1435;878;778 1 50
166055 515 3 668 513;785;707 68 23
166155 516 16 966 646;376;1709;1113;1000;658;1201;1229;523;838;1085;1403;957;1049;925;747 130 70
166390 517 1 695 695 1 50
166476 518 3 1051 584;1650;919 18 57
166976 519 9 806 659;1412;133;902;754;964;753;579;1094 2 54
168226 520 6 996 838;719;652;1334;1124;1306 10 26
168681 521 19 1015 1087;1013;1079;1668;513;1450;746;1097;917;867;1564;948;1576;1081;823;527;1167;396;771 25 76
169322 522 2 670 1231;109 1 50
169726 523 1 909 909 1 50
170315 524 39 919 941;524;1049;1504;1338;833;1211;565;1363;1328;1166;283;434;1139;1261;901;1393;593;878;573;1104;715;1274;1156;780;1026;747;1046;360;867;592;347;380;625;1694;964;560;1157;1175 1 50
170865 525 2 1117 901;1333 3 14
170930 526 3 668 504;1078;422 9 6
171166 527 8 972 674;713;570;1209;1534;1393;709;976 191 90
171206 528 1 1274 1274 66 54
174661 529 3 1289 907;1297;1664 11 92
175038 530 3 1217 859;1230;1563 1 50
178798 531 1 937 937 3 14
179076 532 2 615 372;858 310 81
179416 533 5 1007 983;611;1635;334;1472 1 50
180097 534 40 974 1470;930;1367;1219;1033;1634;541;1117;706;538;1192;976;1261;555;875;1491;1513;180;515;602;828;1104;940;997;645;930;1512;1149;823;880;1109;824;778;1229;1114;367;691;1312;780;1222 305 63
183054 535 7 1003 783;1632;1156;342;732;1159;1216 3 14
183170 536 1 237 237 69 85
183487 537 3 1148 1625;1266;552 134 44
185847 538 3 587 852;670;240 7 70
186764 539 3 748 782;553;910 4 56
186885 540 4 664 895;242;708;813 15 4
197691 541 6 989 1120;714;368;935;1364;1433 1 50
197752 542 2 1126 1323;930 137 60
197825 543 5 1012 1099;1358;1006;1187;409 17 86
197831 544 5 1062 695;1313;738;1107;1456 2 54
197967 545 12 862 687;858;890;72;896;479;734;1576;1219;1001;1247;681 2 54
198036 546 6 584 848;856;208;167;345;1083 240 3
198079 547 2 704 1065;344 44 22
198124 548 4 916 880;828;871;1084 242 44
198210 549 2 1034 1380;688 2 54
198293 550 2 1006 1231;782 2 54
198315 551 3 943 723;963;1144 5 74
198468 552 2 1216 1556;875 4 56
198526 553 3 840 730;1026;764 1 50
198581 554 2 408 470;347 1 50
198621 555 2 934 1131;736 3 14
198872 556 3 1245 1359;1325;1051 1 50
199055 557 1 1027 1027 3 14
199066 558 6 832 634;311;1024;1093;1077;854 2 54
199350 559 6 1030 1424;1114;1356;489;1059;740 86 55
199509 560 2 684 629;738 1 50
199643 561 2 777 480;1074 10 26
200416 562 6 1146 1227;836;982;1566;906;1360 58 92
200454 563 1 1461 1461 10 26
201185 564 7 1009 1064;1277;736;1170;1147;1474;194 11 92
201203 565 3 1077 469;1578;1184 1 50
201336 566 6 810 438;454;1702;491;1173;602 12 30
201357 567 3 1060 967;1568;644 6 81
205232 568 2 1061 1080;1042 10 26
205388 569 2 755 666;844 5 74
205401 570 4 692 488;528;1119;634 273 53
205410 571 1 889 889 1 50
205588 572 1 677 677 1 50
205698 573 3 975 1281;776;867 1 50
206529 574 10 788 317;1210;1042;1001;295;1055;723;762;932;541 1 50
206572 575 3 1198 1127;1470;998 43 48
206592 576 3 813 178;1021;1240 9 6
206791 577 7 1105 1453;1253;1092;1220;457;896;1361 1 50
206811 578 6 1136 1530;1104;1419;823;386;1556 51 93
206896 579 7 943 693;1490;664;350;896;1036;1471 3 14
207002 580 13 788 849;1433;525;947;547;504;494;1592;565;419;1304;583;487 5 74
207031 581 16 721 82;65;259;863;893;533;938;1336;862;727;715;1009;911;410;1375;563 1 50
207099 582 2 1148 996;1300 2 54
207142 583 3 914 562;1048;1131 3 14
207288 584 1 573 573 4 56
207531 585 3 846 1412;438;687 1 50
207674 586 7 1002 1026;916;973;1257;1703;594;548 1 50
207833 587 1 723 723 4 56
207958 588 2 592 386;797 75 59
207981 589 4 1050 819;1596;1252;532 20 89
208050 590 4 447 194;129;266;1198 3 14
208307 591 1 564 564 8 94
208534 592 6 1160 1048;1492;1712;427;1163;1116 1 50
209156 593 10 874 1119;1029;1433;846;568;703;393;456;1155;1039 2 54
209918 594 1 796 796 2 54
210075 595 4 910 747;775;1175;945 129 47
210171 596 15 871 1096;1036;118;958;937;651;1107;1452;880;1155;972;951;623;190;935 1 50
210261 597 2 1122 1017;1227 1 50
210371 598 1 949 949 6 81
210435 599 1 1354 1354 21 2
210466 600 10 916 1294;790;1034;1383;1077;418;732;574;853;1006 4 56
210822 601 3 846 1256;680;603 3 14
210861 602 6 1054 935;502;993;856;1553;1483 1 50
210970 603 2 678 1103;254 4 56
211092 604 11 993 1136;1054;623;443;682;1267;1648;1045;378;1483;1166 1 50
211258 605 6 830 1253;395;309;1264;1018;743 338 83
211591 606 3 797 804;751;835 2 54
211624 607 2 548 831;265 13 34
211629 608 3 621 481;648;733 1 50
211751 609 39 781 1015;1390;66;1417;240;1090;119;1019;686;1266;1248;269;634;964;95;1343;528;600;708;1229;841;915;1119;815;1450;893;759;233;724;1452;261;631;418;581;471;310;701;725;1228 1 50
211848 610 2 783 1410;156 11 92
211863 611 7 746 1094;616;352;417;534;1513;693 1 50
212168 612 2 427 123;731 1 50
212373 613 3 1048 1512;1001;631 1 50
213025 614 5 999 713;1146;1223;638;1274 4 56
213222 615 6 1031 1269;841;779;1401;991;907 14 27
213324 616 1 555 555 1 50
213627 617 2 803 690;916 4 56
215705 618 4 950 1552;985;214;1050 1 50
215981 619 4 1098 1602;739;1017;1034 9 6
216174 620 2 1001 1288;714 1 50
216359 621 5 671 1202;640;137;741;634 58 92
216397 622 4 830 463;928;506;1421 11 92
216514 623 5 843 1022;865;598;623;1106 2 54
216567 624 6 808 594;1433;775;785;737;523 1 50
216625 625 7 722 1124;343;978;323;962;639;684 2 54
216703 626 14 1007 222;1536;1358;1349;1050;418;614;622;1047;1288;1331;917;1217;1128 68 23
216815 627 3 1219 1139;1357;1162 3 14
217011 628 1 1083 1083 1 50
217034 629 4 1064 1435;436;961;1425 6 81
217101 630 4 985 344;1538;1109;948 1 50
217236 631 8 879 540;1062;708;564;805;803;1211;1336 1 50
217274 632 2 1404 1400;1407 9 6
217527 633 3 526 728;222;627 3 14
217874 634 3 671 1066;416;532 3 14
217998 635 8 1004 638;872;1219;499;1320;1433;1206;842 11 92
218025 636 4 924 766;1472;833;625 1 50
218202 637 7 846 860;1277;1042;599;488;906;747 1 50
218224 638 2 1442 1334;1549 1 50
218282 639 2 495 694;296 1 50
218300 640 6 932 1108;670;1343;1195;1020;254 14 27
218367 641 4 1043 1053;668;1719;732 7 70
218827 642 2 760 337;1182 4 56
219511 643 5 941 389;1117;1076;1231;893 23 48
219584 644 5 881 757;860;1092;767;930 2 54
219604 645 8 900 713;641;1167;527;1206;507;890;1546 11 92
219653 646 2 833 907;759 1 50
219786 647 2 684 619;750 316 28
219842 648 2 646 1060;233 142 18
219855 649 2 698 866;531 3 14
220206 650 5 1053 1193;1366;790;585;1330 4 56
220659 651 13 866 547;454;1509;1071;597;132;1557;250;1324;485;1101;1335;896 1 50
220730 652 18 884 785;764;705;683;1524;767;564;75;1077;674;1257;909;464;783;767;1333;1486;1302 34 68
220787 653 15 892 930;908;1136;599;719;661;1359;650;1666;799;879;255;881;1227;706 1 50
221491 654 1 943 943 1 50
221746 655 7 909 1026;729;195;1378;1229;817;989 3 14
221827 656 2 598 789;407 16 19
222486 657 3 976 1546;1019;364 1 50
223145 658 3 1063 1044;1020;1126 2 54
223384 659 1 1014 1014 6 81
223474 660 2 668 1063;272 15 4
223513 661 7 914 474;613;763;730;1451;844;1524 266 36
223720 662 10 904 877;968;1699;546;706;980;593;694;576;1401 17 86
223743 663 13 932 1197;1077;1401;472;517;1474;1147;601;1016;1597;566;464;588 1 50
223770 664 6 865 800;999;694;664;898;1133 6 81
223833 665 5 1173 1162;774;978;1551;1402 2 54
224130 666 1 1241 1241 1 50
224183 667 3 881 825;1243;575 2 54
224218 668 3 834 567;610;1326 1 50
224367 669 4 741 163;1164;863;774 168 82
224762 670 3 854 751;1337;473 14 27
225133 671 51 939 878;1164;120;1640;740;1246;1061;973;1242;534;962;902;546;624;731;776;1439;736;1300;1095;314;1013;1728;1411;1121;858;923;524;472;1017;460;260;718;905;756;950;1421;1189;1408;1026;924;738;880;859;856;1082;764;1263;831;1612;921 5 74
225349 672 5 911 1581;988;1453;410;122 70 68
225703 673 2 930 791;1070 113 47
226061 674 4 1032 563;1254;1201;1110 4 56
226419 675 8 851 783;488;1566;1632;492;1024;559;265 141 76
226707 676 2 1082 683;1481 9 6
226952 677 7 925 218;1319;1173;651;1281;548;1283 166 26
227085 678 2 629 122;1136 1 50
227115 679 1 870 870 12 30
227126 680 8 815 314;1227;1055;539;578;1054;498;1258 32 26
227179 681 16 779 628;1015;1062;366;588;428;629;436;387;730;1682;1279;1029;664;487;1053 5 74
227228 682 12 934 407;947;1230;646;120;206;1531;1141;958;1640;704;1682 46 4
227256 683 4 922 1486;487;423;1290 1 50
227373 684 6 713 445;1284;856;1011;283;398 1 50
227466 685 6 929 519;1363;1244;964;603;880 39 68
228096 686 5 802 635;1336;1030;565;442 1 50
228563 687 5 711 463;1011;1026;606;451 1 50
228746 688 3 795 503;507;1376 1 50
228847 689 2 772 369;1176 267 92
228928 690 7 979 531;1222;1152;509;836;1156;1449 1 50
228995 691 3 639 796;512;610 2 54
229052 692 3 817 924;597;931 1 50
229102 693 4 1166 1621;1375;193;1475 77 6
229134 694 2 1306 1233;1378 2 54
229288 695 4 1050 1136;1266;987;811 4 56
229398 696 4 802 980;859;1241;128 2 54
229561 697 6 929 821;1178;859;680;1344;694 56 19
229887 698 3 1278 1328;956;1550 2 54
229979 699 2 773 570;976 49 49
229989 700 3 688 1129;469;467 5 74
230031 701 1 430 430 119 42
230190 702 2 814 809;820 32 26
230667 703 2 1032 1106;958 362 24
230696 704 3 1110 1466;1297;568 2 54
230701 705 1 625 625 3 14
230838 706 2 799 905;693 3 14
230899 707 1 254 254 4 56
230990 708 15 895 814;994;763;624;769;628;1241;914;839;1484;725;996;708;1086;838 3 14
231156 709 3 927 1173;1153;454 2 54
231797 710 2 1132 1162;1101 90 7
231948 711 4 800 438;906;882;976 92 42
233033 712 5 1009 851;1011;1006;1035;1144 1 50
233194 713 9 886 1349;1248;1023;441;334;1029;914;508;1127 54 67
233353 714 4 1093 1497;554;1247;1074 277 14
233546 715 7 839 410;684;472;1049;934;801;1524 1 50
233584 716 3 993 986;1099;895 1 50
234258 717 1 1019 1019 5 74
234317 718 4 690 438;549;772;1001 1 50
235730 719 3 858 447;954;1174 7 70
236099 720 1 1286 1286 11 92
236882 721 7 870 1108;1451;703;935;585;790;515 1 50
236916 722 2 688 721;654 4 56
236962 723 4 628 916;632;203;760 13 34
237257 724 1 373 373 6 81
237638 725 7 1033 1242;498;992;1247;1593;913;743 1 50
237656 726 11 920 787;668;1187;543;923;566;1018;1585;888;809;1143 2 54
238589 727 3 883 686;750;1212 9 6
238647 728 4 1147 963;1567;840;1218 4 56
239095 729 9 893 750;490;1080;650;1382;883;725;833;1245 2 54
240487 730 41 799 252;837;287;901;1577;1298;1189;985;570;131;422;621;729;966;994;452;524;1244;464;198;183;922;833;1285;1358;1269;1485;1482;394;1135;1216;838;986;265;546;785;984;109;567;142;1321 49 49
240768 731 2 431 471;391 1 50
240901 732 3 926 1331;1162;286 2 54
241289 733 8 751 378;765;1122;605;752;1305;221;859 3 14
241622 734 8 731 345;1132;755;1285;919;624;670;121 1 50
241685 735 2 768 777;758 1 50
242385 736 2 776 804;749 3 14
246708 737 6 960 942;1094;509;914;1208;1092 5 74
246965 738 21 868 950;1059;243;1402;1082;453;273;491;373;843;615;1676;876;1507;1245;594;880;776;969;1322;597 9 6
246999 739 11 864 1403;663;671;1348;304;826;274;499;793;1419;1309 2 54
247531 740 2 980 1224;737 17 86
248127 741 2 1166 1597;735 10 26
248450 742 3 706 327;1025;766 1 50
248454 743 3 1227 1264;1627;789 1 50
248646 744 2 898 621;1176 4 56
258867 745 39 929 1013;985;791;937;562;1226;263;618;1103;1162;635;919;885;406;903;976;1090;1642;1035;1313;1487;669;1004;954;1051;829;933;479;1490;729;421;676;1174;1239;1059;1089;688;584;1224 17 86
259512 746 3 561 967;393;324 117 46
259560 747 10 896 1123;645;1264;848;1117;1083;644;561;785;888 324 50
260203 748 4 907 810;651;938;1229 1 50
260593 749 2 620 854;385 360 54
260702 750 4 1020 800;1199;805;1277 35 16
260782 751 3 820 1370;795;296 1 50
262446 752 3 680 215;1244;580 2 54
262599 753 5 832 1254;136;601;766;1402 6 81
266265 754 5 705 131;211;1074;981;1126 1 50
268618 755 2 894 1267;520 20 89
268885 756 2 860 856;865 6 81
270155 757 3 671 372;1093;548 10 26
270473 758 3 696 327;592;1170 5 74
270914 759 8 836 923;794;913;387;868;764;776;1260 1 50
295941 760 4 806 1106;767;881;472 12 30
296013 761 4 674 815;574;396;911 1 50
296166 762 1 786 786 4 56
296393 763 6 929 1534;751;725;1141;1025;396 1 50
296470 764 2 1108 652;1564 1 50
296568 765 2 522 631;413 3 14
297461 766 2 946 800;1091 8 94
298027 767 4 938 524;1039;1316;871 8 94
298161 768 3 946 777;772;1288 1 50
299093 769 11 902 1115;667;528;548;615;786;1127;1552;955;1604;421 3 14
299135 770 4 640 491;894;663;513 1 50
299149 771 5 790 866;889;592;578;1025 4 56
299686 772 9 861 537;1392;230;896;700;683;1688;1348;279 5 74
299812 773 2 696 835;557 30 69
300028 774 7 990 711;1086;893;595;1053;1530;1061 35 16
300076 775 5 1015 362;1180;1201;1018;1314 1 50
300227 776 5 760 1501;732;419;669;480 1 50
300306 777 12 891 929;170;1023;883;539;622;759;1144;1033;1148;1472;965 34 68
300418 778 1 444 444 30 69
300435 779 2 694 479;908 335 25
301459 780 21 1032 917;1001;737;1001;1529;1232;193;908;1445;1091;1592;1265;1004;606;1125;602;1082;1087;1282;1269;706 1 50
301524 781 1 96 96 1 50
302005 782 5 1048 1313;722;1146;873;1184 1 50
302015 783 2 1050 1447;652 1 50
302996 784 6 919 1553;811;1247;669;731;505 6 81
303050 785 2 803 926;680 3 14
303093 786 14 1030 1204;639;1292;782;445;1014;1431;842;1018;1026;1004;936;1709;1075 18 57
303154 787 2 838 456;1221 2 54
304154 788 6 896 632;1380;483;1143;583;1152 69 85
304333 789 1 882 882 4 56
304377 790 8 880 1234;1522;1081;1501;934;71;459;241 4 56
304433 791 2 1305 879;1731 1 50
304491 792 18 928 815;1279;493;527;933;663;1131;873;962;383;1308;1121;1324;1036;1428;528;847;1045 1 50
304511 793 4 930 1004;822;628;1266 269 68
304579 794 5 806 1149;947;947;637;351 4 56
304686 795 3 330 729;138;122 17 86
304860 796 2 548 394;702 3 14
304927 797 4 721 643;276;528;1437 2 54
304972 798 2 530 682;379 23 48
305114 799 1 903 903 1 50
305258 800 3 1073 1438;869;912 61 89
305354 801 2 808 891;724 19 64
305772 802 8 972 1030;288;952;1359;1112;1033;1040;966 3 14
305798 803 2 408 411;405 135 20
305836 804 2 1037 1427;647 1 50
305846 805 2 724 789;659 3 14
305862 806 2 1112 1197;1028 6 81
305995 807 5 813 840;403;1003;1478;341 11 92
306020 808 1 862 862 10 26
306308 809 5 785 1135;1310;556;615;307 89 41
306434 810 2 671 828;514 6 81
307015 811 2 1142 717;1567 8 94
307121 812 4 624 756;336;895;511 3 14
307197 813 14 832 902;760;1231;387;650;806;876;927;622;1334;711;906;875;664 4 56
307238 814 3 1006 1292;1077;650 1 50
307241 815 2 736 1041;432 2 54
307396 816 14 761 103;1042;1346;1461;1184;414;774;803;601;731;401;540;854;400 2 54
307407 817 3 588 1224;472;68 75 59
307547 818 3 1061 1305;765;1113 1 50
307999 819 8 1002 130;982;1042;1205;1011;668;1358;1620 3 14
308051 820 8 1047 952;690;1471;928;1555;1060;1010;710 2 54
308311 821 15 856 495;727;1245;1263;676;488;591;427;969;1007;1196;988;297;938;1529 2 54
308453 822 2 490 340;640 9 6
308601 823 2 618 416;820 5 74
308680 824 4 916 1240;563;796;1064 58 92
309189 825 4 1104 707;1383;883;1443 1 50
309322 826 3 896 475;1201;1012 2 54
309447 827 6 1070 1239;1083;1463;650;649;1339 2 54
310038 828 5 876 453;934;1029;1204;760 62 41
310274 829 7 848 692;883;1117;479;1581;773;409 1 50
310613 830 9 951 998;377;688;639;1303;1019;1134;1478;923 13 34
310734 831 5 759 1088;611;310;397;1388 1 50
310772 832 3 941 1077;892;854 10 26
310810 833 15 923 78;1162;1113;984;345;1663;1325;312;1341;1459;1554;817;401;477;809 1 50
311037 834 2 1026 1208;845 1 50
311154 835 2 618 353;884 4 56
311259 836 5 861 258;458;1164;1490;935 1 50
311337 837 7 779 1249;92;979;981;1156;600;395 122 4
311489 838 2 498 329;667 25 76
311502 839 3 749 580;772;896 2 54
311559 840 3 701 1161;522;419 2 54
312119 841 5 1247 876;1596;1518;1393;853 1 50
315684 842 1 965 965 2 54
315694 843 4 852 1492;821;859;235 2 54
315830 844 5 900 243;862;1339;1461;597 2 54
316196 845 2 489 81;897 53 27
316240 846 5 1158 1405;1414;1281;955;733 300 60
316679 847 1 1511 1511 8 94
316747 848 11 980 645;1607;606;1147;769;1626;1234;673;728;649;1097 1 50
321890 849 2 1107 831;1383 7 70
321921 850 4 1233 941;1252;1450;1288 1 50
321954 851 13 1134 477;1553;1083;984;1343;1374;609;1261;777;1420;1362;1255;1248 3 14
321984 852 3 1312 1640;967;1329 39 68
322046 853 3 654 883;220;859 1 50
322055 854 6 620 865;190;1126;550;549;437 3 14
322121 855 3 883 1178;644;827 1 50
322429 856 2 580 255;904 18 57
322475 857 10 1076 917;602;1253;1520;924;1276;743;1488;818;1222 7 70
322604 858 8 860 886;907;1180;478;1509;506;780;632 1 50
322712 859 3 756 822;571;874 18 57
322765 860 2 604 640;569 2 54
323211 861 12 884 1096;939;358;1584;1184;168;773;534;802;591;1049;1536 1 50
323337 862 7 825 1021;500;580;279;1128;1063;1203 196 33
324018 863 6 929 1015;1068;388;984;1035;1082 1 50
324162 864 4 1009 550;1235;1364;887 2 54
324177 865 3 730 333;1074;783 2 54
324623 866 3 1094 1688;591;1003 3 14
324704 867 3 593 558;600;620 1 50
325164 868 2 902 1085;718 1 50
325425 869 2 487 805;169 51 93
329565 870 4 848 384;1311;1074;621 30 69
331502 871 1 334 334 80 47
333744 872 3 485 654;202;599 1 50
334255 873 6 795 826;1018;579;589;904;852 3 14
334371 874 2 996 1103;890 6 81
334463 875 2 610 431;788 296 3
334848 876 14 1008 1162;1476;1064;1227;187;924;1076;518;1634;628;1425;751;1217;826 23 48
335168 877 1 492 492 5 74
335942 878 3 1171 962;1183;1369 4 56
336210 879 3 736 893;727;587 2 54
336553 880 1 1141 1141 18 57
336687 881 7 780 1280;1299;186;639;810;850;398 6 81
339111 882 14 760 767;719;511;978;1171;1015;471;861;544;646;675;359;841;1086 10 26
339535 883 2 740 582;897 1 50
341874 884 3 908 1657;568;500 90 7
342331 885 2 1036 748;1325 3 14
343050 886 2 728 611;844 2 54
349147 887 9 799 270;428;871;507;1403;848;802;1174;892 19 64
349637 888 5 1305 1264;978;1418;1404;1459 1 50
349733 889 2 504 276;733 9 6
351846 890 2 1125 1092;1158 8 94
354068 891 17 855 951;654;693;1089;801;748;710;947;942;629;1201;1139;737;1098;898;1190;116 2 54
359377 892 2 1126 942;1309 1 50
359748 893 4 763 603;977;1052;419 12 30
360721 894 4 1230 830;1369;1146;1576 2 54
365896 895 3 367 403;543;155 17 86
366491 896 9 1184 828;1080;1198;505;1046;1600;1580;1299;1517 7 70
366624 897 8 1128 522;1527;961;1463;805;1067;1154;1521 2 54
366635 898 4 898 877;1098;427;1188 7 70
366920 899 4 542 211;506;267;1186 1 50
366971 900 1 967 967 1 50
367747 901 3 994 1247;981;754 141 76
367929 902 2 821 1008;634 1 50
368104 903 2 561 566;556 2 54
368162 904 4 940 862;951;1409;538 5 74
368415 905 1 1315 1315 1 50
368617 906 16 833 842;625;116;513;1421;579;677;1081;1458;1299;1634;342;1105;327;716;586 2 54
368628 907 3 898 1075;1353;265 2 54
368656 908 6 740 882;642;1127;344;1007;438 5 74
368713 909 2 616 286;946 12 30
368768 910 2 1211 1562;860 2 54
368849 911 1 697 697 4 56
368871 912 6 700 573;227;1227;800;641;732 2 54
368883 913 3 907 827;1074;819 1 50
368906 914 8 1043 936;1243;1549;1289;924;1352;208;842 25 76
369191 915 9 892 148;877;1210;1134;748;1660;688;538;1021 1 50
369257 916 17 916 903;914;1174;888;1054;871;920;1145;491;1387;838;162;1347;875;833;1027;739 5 74
369333 917 1 1340 1340 79 28
369419 918 1 1089 1089 6 81
369424 919 4 970 1323;1229;286;1042 6 81
369479 920 5 668 1177;557;771;345;492 1 50
369583 921 14 986 372;1500;1203;221;1418;1070;1210;540;1168;1212;1106;686;977;1119 1 50
370015 922 3 1222 1495;849;1321 1 50
370187 923 1 766 766 16 19
370865 924 4 1187 875;1436;1501;937 51 93
370977 925 4 826 636;1471;838;361 1 50
371020 926 7 1102 1323;1415;1415;783;700;1482;596 5 74
371089 927 3 1050 1188;809;1152 3 14
371164 928 1 115 115 20 89
371172 929 1 1037 1037 3 14
371278 930 3 1371 1453;1214;1446 3 14
371301 931 1 502 502 11 92
371356 932 2 928 947;909 6 81
371365 933 2 1004 1492;516 1 50
371375 934 7 945 1152;734;1233;762;316;1453;966 1 50
371382 935 7 909 1215;954;409;612;1650;747;773 3 14
371388 936 7 927 1300;652;694;1184;417;1322;917 1 50
371476 937 2 454 249;659 22 25
371741 938 2 997 1082;912 56 19
372091 939 7 704 115;1081;386;688;608;1356;694 1 50
372127 940 2 956 874;1038 11 92
372268 941 5 1038 843;1416;480;1157;1294 1 50
372281 942 4 915 1302;1105;1006;247 3 14
372361 943 3 1106 1110;1465;744 181 38
372420 944 8 765 746;148;646;1282;986;921;969;421 2 54
372442 945 10 790 736;374;673;1252;716;818;965;662;923;777 11 92
372603 946 4 897 1002;609;951;1026 98 2
372630 947 10 1090 1184;1491;676;1414;691;986;955;251;1664;1587 1 50
372806 948 4 779 349;952;1246;568 2 54
373440 949 2 698 733;662 2 54
373471 950 5 1048 798;1377;1126;1267;673 24 60
373501 951 3 705 244;916;956 14 27
373515 952 9 879 1025;1468;429;1669;258;590;1191;1165;119 1 50
373595 953 4 747 529;1071;540;848 17 86
373636 954 13 966 753;1285;793;772;1406;450;1125;1513;970;1125;634;667;1068 7 70
373659 955 1 1422 1422 86 55
374044 956 2 1112 1222;1003 56 19
374146 957 12 941 1492;599;695;1023;1034;1414;850;775;918;815;528;1146 2 54
374160 958 2 769 825;713 128 54
374328 959 3 1148 978;1229;1236 1 50
374343 960 3 805 510;548;1358 18 57
374414 961 2 714 1101;326 1 50
374599 962 2 604 323;884 70 68
374718 963 5 976 1612;910;515;1094;750 2 54
374793 964 2 816 310;1321 180 90
374887 965 4 868 907;556;1201;809 61 89
374928 966 20 832 728;1182;698;1151;187;474;555;411;928;594;733;416;599;556;1390;1381;1448;886;1046;1271 57 28
374966 967 3 1066 815;1559;824 8 94
374991 968 19 895 379;866;1042;1116;1572;309;1242;801;1662;364;1244;364;428;1143;824;1142;956;641;909 35 16
375384 969 2 986 1457;514 1 50
375843 970 2 838 668;1009 5 74
377060 971 2 1036 637;1434 2 54
377067 972 3 663 473;797;720 39 68
377093 973 2 1241 843;1639 29 86
379199 974 7 1001 867;791;1128;1146;904;1020;1152 3 14
379250 975 7 803 1032;613;1291;267;313;1457;648 41 88
379258 976 2 889 861;917 75 59
379292 977 18 1027 1083;676;986;998;517;1141;678;667;1153;1079;1448;1186;1348;1356;465;678;1712;1315 11 92
379316 978 2 994 741;1247 1 50
379338 979 3 887 633;551;1476 3 14
379623 980 2 706 110;1303 1 50
380539 981 1 739 739 75 59
380557 982 54 896 1338;324;472;551;720;1216;1217;1275;1049;949;837;935;1041;741;650;1273;827;940;1681;615;1565;952;1115;66;894;1025;1238;740;1326;781;556;243;462;871;1173;1317;564;749;980;974;511;423;341;314;564;1301;1384;1079;912;1348;1156;967;1320;498 1 50
380612 983 3 1049 1018;1388;741 1 50
380711 984 5 883 1341;429;1136;893;617 3 14
380802 985 3 626 121;1227;529 5 74
380817 986 1 964 964 2 54
380863 987 2 299 322;276 151 37
381131 988 4 708 174;902;417;1337 1 50
381134 989 22 970 896;960;853;901;1345;885;425;1130;878;1041;942;1570;925;1244;296;1038;1338;1003;1396;659;741;870 2 54
381206 990 2 746 1210;283 30 69
381254 991 14 816 506;398;960;1535;649;537;571;1163;864;736;1004;956;1129;416 1 50
381316 992 10 892 1151;1037;846;1023;656;1097;866;383;676;1182 7 70
381325 993 2 728 227;1230 19 64
381354 994 20 893 673;1009;769;601;1603;596;1217;1099;593;1295;887;1049;1527;453;693;1112;700;286;1207;496 4 56
381448 995 8 967 327;1539;1047;1278;425;1171;530;1419 2 54
381526 996 8 642 441;340;798;958;139;399;756;1309 3 14
382479 997 3 729 740;522;926 41 88
382708 998 3 1277 1226;1235;1369 16 19
382765 999 6 882 467;932;1125;970;219;1578 1 50
382858 1000 3 736 712;919;578 33 69
382945 1001 1 1395 1395 126 19
383029 1002 4 974 1050;808;1390;647 1 50
383071 1003 9 1026 776;812;1101;1412;748;1097;1353;1216;722 2 54
383095 1004 6 970 815;636;959;970;1280;1158 56 19
383340 1005 4 664 577;432;635;1011 1 50
383355 1006 9 981 1341;734;1214;881;809;923;983;526;1414 8 94
384342 1007 2 848 634;1062 1 50
384560 1008 15 881 776;519;1384;947;912;1397;428;1248;314;725;1225;491;810;1225;810 150 29
384636 1009 2 1256 1162;1351 1 50
384650 1010 3 1043 1516;237;1375 1 50
384698 1011 2 680 292;1068 1 50
384742 1012 19 977 1147;969;513;467;1092;1678;1354;1013;774;937;641;1169;516;1087;292;1273;1243;934;1473 3 14
384779 1013 1 627 627 43 48
384992 1014 4 608 723;346;963;401 188 98
385422 1015 1 675 675 1 50
385470 1016 8 629 1025;447;505;653;854;927;392;231 130 70
385497 1017 2 773 673;873 10 26
385530 1018 4 967 781;784;1354;950 1 50
385613 1019 2 1137 1156;1118 9 6
385670 1020 2 916 742;1091 4 56
385687 1021 6 933 1593;372;1222;951;569;889 29 86
385801 1022 3 1068 465;1312;1426 48 34
385981 1023 1 1385 1385 1 50
386075 1024 13 931 692;286;382;1008;1310;808;1424;988;1033;805;1184;844;1344 114 28
386294 1025 13 842 62;1425;536;416;1010;1399;1551;1200;109;684;783;1063;712 10 26
386393 1026 15 951 347;1467;685;1631;993;631;1055;1410;871;800;621;649;806;1381;913 13 34
386407 1027 4 927 1092;1305;906;405 353 57
386431 1028 3 893 1043;893;743 4 56
386612 1029 3 746 611;1355;271 1 50
386638 1030 2 900 934;866 10 26
386657 1031 2 966 1179;754 126 19
386666 1032 1 1221 1221 215 80
386672 1033 4 623 323;1026;289;855 103 31
386787 1034 6 894 1287;485;1127;1193;988;284 140 52
386790 1035 3 1097 1620;370;1301 1 50
386849 1036 2 1446 1617;1274 138 88
386912 1037 2 1096 1003;1189 24 60
387007 1038 4 811 557;1126;1019;543 1 50
387075 1039 4 595 400;520;564;897 120 96
387106 1040 2 967 1299;635 1 50
387193 1041 2 1006 623;1388 4 56
387442 1042 4 814 1172;477;493;1114 3 14
387571 1043 2 670 454;885 2 54
387588 1044 2 660 594;726 4 56
387627 1045 2 1024 749;1299 1 50
387756 1046 2 870 1029;712 35 16
388475 1047 6 1119 814;1276;791;1592;1513;727 45 69
388743 1048 7 732 1156;202;846;173;1155;1072;520 2 54
388871 1049 3 894 874;1013;795 94 97
389017 1050 2 593 304;882 12 30
389070 1051 2 634 885;382 27 62
389250 1052 3 711 1205;807;121 81 74
389263 1053 1 628 628 6 81
389447 1054 5 967 1202;1123;908;801;800 4 56
389493 1055 6 900 1199;269;1579;1005;293;1057 189 97
389536 1056 7 1083 975;1532;835;1073;1167;613;1389 21 2
389581 1057 2 1245 1138;1352 4 56
389676 1058 2 518 535;502 1 50
389694 1059 2 621 205;1037 8 94
389699 1060 2 499 498;500 6 81
389804 1061 2 887 1058;716 2 54
389836 1062 33 913 612;1298;869;1540;1386;762;782;848;1226;725;529;1448;868;745;617;1210;1319;1188;718;1303;658;1365;709;1044;485;1009;1013;510;134;620;1250;1047;288 7 70
389954 1063 24 809 1216;799;406;576;556;553;364;497;1097;444;607;1302;1216;899;534;713;1201;62;921;1025;1020;1297;1290;830 210 25
390040 1064 2 640 989;291 5 74
390250 1065 2 1128 1179;1077 68 23
390525 1066 8 945 814;1059;871;715;1098;625;1060;1319 5 74
390542 1067 6 810 971;411;996;1309;549;623 1 50
390625 1068 6 1010 526;1435;1203;1444;785;670 40 4
390788 1069 9 698 937;763;352;657;1024;536;659;569;788 85 41
390795 1070 7 819 752;989;679;495;864;936;1016 17 86
390885 1071 2 1228 788;1668 238 16
391088 1072 17 845 731;860;913;969;462;928;760;613;730;132;1149;762;1145;774;836;1597;1007 23 48
391121 1073 3 895 923;485;1276 6 81
391175 1074 57 865 1551;1510;753;245;1235;1014;320;918;1081;1338;881;522;1236;1143;1019;1433;1154;1636;532;877;1361;189;930;928;584;1113;771;1300;590;365;1032;882;730;1036;1286;741;517;80;121;684;1361;178;915;750;1353;936;872;763;1118;967;560;676;727;672;912;621;259 25 76
391248 1075 1 317 317 1 50
391393 1076 4 856 928;1154;778;566 1 50
391618 1077 4 770 987;281;329;1481 5 74
391657 1078 2 619 619;619 1 50
391662 1079 9 1036 289;859;1491;1149;817;1010;1277;1247;1182 2 54
391830 1080 5 915 496;860;1529;978;710 13 34
391917 1081 2 890 717;1062 5 74
391963 1082 4 1022 1171;1282;270;1365 2 54
392270 1083 1 1068 1068 4 56
393068 1084 2 928 424;1431 245 49
393272 1085 4 579 863;669;352;431 18 57
393415 1086 9 860 789;326;937;381;630;1209;1291;1178;1000 2 54
393429 1087 2 625 318;932 1 50
393642 1088 5 1112 1199;1361;945;1174;879 9 6
393891 1089 5 756 242;1245;534;834;927 1 50
394221 1090 2 535 388;682 6 81
394403 1091 11 1064 1548;1608;1487;825;335;1723;740;1284;753;645;757 1 50
394632 1092 4 1069 1178;1013;1147;939 1 50
394674 1093 2 1238 1154;1322 1 50
394708 1094 3 938 501;1693;619 14 27
394836 1095 4 1097 454;1272;1398;1265 14 27
394888 1096 1 1105 1105 2 54
394894 1097 7 987 1466;247;438;1460;1075;648;1575 1 50
395144 1098 2 820 912;729 2 54
395741 1099 8 918 863;579;1422;733;1702;871;176;997 2 54
396885 1100 2 1217 1513;921 1 50
397014 1101 3 1007 942;1209;870 5 74
397332 1102 56 962 938;955;1291;1373;1212;609;1454;1043;758;1254;1418;959;1264;785;607;713;1608;1296;541;994;1379;840;1413;229;538;641;923;721;1164;1334;540;1142;977;884;825;1373;920;1541;484;1254;892;645;839;448;1492;696;1161;1018;513;1307;574;1003;387;180;1391;1116 2 54
397435 1103 2 1530 1393;1668 28 43
397517 1104 3 789 223;1021;1124 6 81
397631 1105 1 431 431 4 56
397862 1106 3 759 1425;331;522 1 50
398907 1107 3 1229 1346;1410;932 1 50
398916 1108 3 1228 1482;1591;611 1 50
399404 1109 4 1237 1308;1262;1261;1117 1 50
399458 1110 17 764 462;1044;668;746;928;239;1003;599;494;1185;640;1141;798;689;822;958;576 47 97
399520 1111 2 1282 1085;1478 12 30
400022 1112 1 431 431 1 50
400078 1113 15 1022 466;1382;983;1476;1145;1250;407;1259;1180;794;1256;644;1226;1118;740 110 20
400097 1114 2 1264 1610;918 10 26
400130 1115 3 1031 541;1214;1339 5 74
400150 1116 4 625 856;503;772;370 4 56
400388 1117 2 746 993;500 7 70
400461 1118 2 1111 1166;1056 1 50
400479 1119 2 582 267;898 22 25
400522 1120 2 670 745;594 24 60
400571 1121 4 959 880;1146;679;1130 33 69
400852 1122 11 645 883;978;689;160;140;857;720;537;761;812;563 62 41
401078 1123 6 912 754;1334;1601;120;669;997 2 54
401125 1124 11 768 191;888;475;808;1001;723;361;1266;592;1201;946 10 26
401219 1125 9 885 440;759;689;223;833;1286;855;1726;1150 2 54
401396 1126 3 675 430;889;705 4 56
401551 1127 1 858 858 10 26
401884 1128 5 1158 1255;1251;1190;982;1113 8 94
402179 1129 2 584 668;499 1 50
402232 1130 4 953 915;626;1053;1217 27 62
402334 1131 6 886 1247;623;807;455;1508;677 8 94
403231 1132 3 636 715;524;668 1 50
403307 1133 8 737 1116;288;984;950;832;735;452;538 1 50
403499 1134 12 957 548;865;898;504;368;561;1599;1653;490;1432;975;1586 8 94
403514 1135 4 553 727;414;744;326 1 50
403544 1136 9 959 779;820;490;1175;1022;918;1221;988;1217 1 50
403622 1137 9 847 1224;1177;819;527;1361;1313;95;495;612 47 97
403730 1138 2 1007 824;1190 1 50
404002 1139 6 1034 1678;1476;906;643;1159;339 307 98
404466 1140 2 958 1433;482 76 77
404500 1141 3 825 967;877;630 40 4
404588 1142 3 806 899;297;1221 2 54
404609 1143 2 663 1050;276 4 56
404822 1144 2 653 829;477 1 50
404875 1145 2 751 882;620 1 50
404965 1146 3 1092 848;1239;1190 2 54
404986 1147 6 643 76;649;938;872;790;531 3 14
405206 1148 1 1347 1347 49 49
405392 1149 3 893 636;1333;709 1 50
405593 1150 4 624 999;677;338;480 151 37
405615 1151 13 795 1162;346;995;754;534;1115;603;1180;855;573;626;1395;197 2 54
405771 1152 3 488 191;677;596 1 50
405929 1153 3 1065 751;1441;1002 7 70
405943 1154 3 570 950;177;582 20 89
405972 1155 7 1125 1319;1573;826;984;915;1109;1148 217 63
406394 1156 4 974 706;782;1571;836 12 30
406401 1157 3 929 1148;949;689 1 50
406638 1158 3 876 552;685;1390 1 50
406794 1159 4 1125 1176;914;1385;1024 12 30
407745 1160 3 735 817;565;823 1 50
407781 1161 2 891 953;829 1 50
407950 1162 36 874 817;414;1423;1033;824;367;792;489;621;1347;502;224;1451;818;1361;1531;842;1135;877;973;933;1047;1054;1118;913;929;640;1127;918;901;1072;321;1072;366;355;847 9 6
408031 1163 3 740 640;688;891 3 14
408167 1164 1 910 910 14 27
408234 1165 3 1133 602;1547;1249 2 54
408276 1166 27 919 446;1526;1304;1578;1333;1132;1322;316;1461;436;361;973;135;644;1142;1271;843;1070;781;568;916;636;709;1339;1004;533;1036 6 81
408526 1167 2 804 806;802 1 50
409573 1168 9 813 1150;553;724;1580;132;1389;725;383;685 2 54
409753 1169 18 928 1327;947;1001;1258;1020;1579;777;1045;1367;737;315;519;714;326;647;1216;1569;341 5 74
409769 1170 3 981 1259;728;956 104 32
409783 1171 3 950 436;1538;877 1 50
409827 1172 2 1082 735;1428 33 69
409856 1173 4 924 1316;637;607;1135 8 94
410083 1174 8 904 603;1119;1425;729;1129;144;677;1403 2 54
411034 1175 25 821 670;683;1373;393;982;1398;900;1294;283;569;447;726;997;553;1234;1241;1413;510;627;354;896;1234;204;526;1024 7 70
411095 1176 2 948 1082;815 1 50
411184 1177 1 1117 1117 5 74
411571 1178 5 723 482;1384;608;591;550 6 81
411687 1179 1 529 529 2 54
411757 1180 5 810 764;1251;488;1035;511 3 14
412357 1181 5 775 917;416;615;1148;779 1 50
413058 1182 3 847 451;804;1287 1 50
413307 1183 2 1157 1175;1139 1 50
413524 1184 14 887 1028;567;944;893;77;1222;863;623;1218;654;1265;967;829;1267 3 14
414959 1185 45 887 169;841;1396;967;762;1117;939;1079;712;1021;1008;719;508;535;1171;867;1047;897;324;810;159;1002;492;1583;121;400;343;1039;1142;1440;1083;1215;594;830;752;1086;1271;1357;693;954;666;1099;946;1519;1259 1 50
415094 1186 2 926 1114;738 1 50
415167 1187 2 685 653;717 1 50
415225 1188 4 668 332;621;1203;515 2 54
417304 1189 2 756 798;715 5 74
417316 1190 6 845 1336;830;710;542;389;1265 2 54
417442 1191 2 632 806;458 144 48
418351 1192 8 1095 1370;1520;754;1284;708;1218;1117;791 2 54
418458 1193 8 592 659;858;712;303;471;523;501;712 4 56
418465 1194 1 850 850 1 50
418829 1195 8 848 1045;469;540;1198;616;776;855;1284 38 29
421951 1196 3 869 864;1230;512 2 54
422107 1197 7 898 1246;752;681;997;856;1277;478 7 70
422148 1198 20 774 282;431;1067;873;1140;1117;984;890;538;579;308;619;974;1090;1076;517;1230;633;466;670 343 95
422412 1199 28 900 1063;799;1034;250;1412;102;674;831;633;379;712;152;1667;919;896;931;900;599;1242;1625;1406;1265;1045;1367;991;451;376;1475 72 9
422628 1200 17 867 1344;1345;829;603;785;935;621;717;747;332;1241;1184;770;592;1144;1032;522 8 94
423367 1201 3 690 1033;478;559 172 16
424126 1202 2 334 594;75 1 50
424512 1203 2 884 818;950 3 14
425084 1204 5 792 422;658;586;965;1328 223 52
425326 1205 2 864 824;904 1 50
426881 1206 2 1372 1650;1095 131 61
428110 1207 3 929 1031;1208;549 1 50
429865 1208 3 741 891;847;486 3 14
430680 1209 2 970 899;1040 12 30
431239 1210 2 827 980;674 2 54
432128 1211 3 767 939;466;895 73 67
434874 1212 6 750 774;746;231;836;962;953 2 54
437474 1213 4 928 924;885;1330;571 4 56
441913 1214 2 835 330;1340 52 7
442295 1215 2 686 1032;340 32 26
443241 1216 3 723 673;658;838 1 50
443747 1217 2 710 1060;359 3 14
445438 1218 2 952 1024;880 1 50
450378 1219 3 790 556;950;864 62 41
450410 1220 3 750 791;932;528 1 50
450466 1221 4 974 560;1301;1030;1005 1 50
450576 1222 2 1426 1488;1364 6 81
451109 1223 2 942 886;999 4 56
451232 1224 15 738 937;1423;711;431;942;1343;852;434;394;583;1013;121;563;716;614 5 74
451292 1225 4 638 338;905;428;882 1 50
451357 1226 2 594 566;621 2 54
451510 1227 2 1156 1138;1174 96 90
451644 1228 2 584 144;1025 9 6
452790 1229 3 792 248;1247;881 22 25
452844 1230 3 1414 1379;1566;1297 103 31
452929 1231 2 1054 1414;693 2 54
453203 1232 2 1382 1093;1670 1 50
453244 1233 10 619 435;930;203;1104;269;345;1037;300;637;926 1 50
453266 1234 7 1102 1630;1340;1153;981;1443;828;338 8 94
453283 1235 15 855 1219;820;770;696;921;435;1016;1535;400;691;1076;1729;619;431;465 1 50
453331 1236 1 467 467 18 57
453355 1237 5 967 1008;982;707;967;1169 1 50
453392 1238 10 774 615;195;1448;489;1257;734;497;821;432;1253 1 50
453455 1239 7 756 453;861;455;1123;1317;205;875 1 50
453501 1240 3 733 669;1210;320 5 74
453506 1241 2 1176 1021;1332 170 12
453617 1242 4 850 111;942;1186;1160 31 72
453639 1243 2 774 450;1097 48 34
453750 1244 2 695 550;840 84 97
453763 1245 4 702 347;820;1199;440 6 81
453787 1246 7 1126 632;1596;1015;828;559;1563;1690 162 67
453805 1247 6 1037 607;1352;742;1499;659;1361 2 54
454283 1248 8 1051 832;1522;777;1250;1352;586;479;1611 1 50
454319 1249 4 547 702;406;527;554 11 92
454369 1250 2 1215 754;1676 1 50
454382 1251 2 729 673;785 102 32
454392 1252 3 1040 819;1496;804 2 54
454551 1253 1 425 425 1 50
454790 1254 6 711 1079;827;331;782;670;577 1 50
456047 1255 2 1345 1150;1540 34 68
456173 1256 3 840 296;729;1496 9 6
456257 1257 3 1264 1093;1069;1630 1 50
457001 1258 1 1010 1010 2 54
457841 1259 3 1272 1438;1466;912 37 49
457887 1260 2 1103 1226;980 2 54
457978 1261 2 874 500;1249 52 7
457993 1262 11 651 396;1003;407;607;1372;1078;708;451;462;63;613 21 2
458053 1263 23 873 938;1186;1208;870;310;1078;1256;617;482;572;826;1533;1127;1305;1055;793;1066;162;518;361;747;1002;1062 1 50
458782 1264 3 990 519;1594;858 3 14
459073 1265 16 901 1249;1065;494;279;863;1092;1170;1015;1252;523;1155;1170;374;1385;683;640 1 50
459387 1266 5 883 787;807;570;1130;1123 254 31
459841 1267 4 1258 1598;1207;1498;728 64 18
459894 1268 4 922 1035;617;569;1465 1 50
460110 1269 2 1228 918;1538 49 49
460183 1270 3 721 811;494;859 1 50
460187 1271 1 899 899 3 14
460346 1272 5 922 1436;906;816;1051;403 2 54
460388 1273 4 900 754;866;784;1195 1 50
460601 1274 3 1107 1635;593;1092 2 54
460626 1275 3 866 539;1275;784 1 50
460736 1276 27 825 932;441;247;545;1158;1107;1090;662;346;829;197;1046;1011;908;864;987;954;376;610;860;1245;1320;1053;434;799;1602;642 141 76
460752 1277 5 896 777;780;923;1544;454 7 70
461323 1278 4 911 411;929;1008;1297 5 74
461919 1279 3 1063 523;1549;1118 6 81
461986 1280 2 1052 1156;947 37 49
461995 1281 3 1181 1020;1463;1060 1 50
462009 1282 50 926 353;1312;501;129;761;646;1135;957;1076;530;564;913;535;1221;1313;173;664;799;571;1438;584;984;479;1051;1133;1515;1107;1270;249;1302;1510;1076;1248;534;566;1194;1218;1675;957;1233;1055;924;1261;720;1512;608;1467;400;695;1176 5 74
462180 1283 3 1223 1173;1583;913 16 19
462239 1284 3 895 1101;919;666 6 81
462263 1285 2 614 716;511 8 94
462266 1286 3 1229 853;1382;1451 170 12
462538 1287 2 782 547;1018 7 70
462599 1288 4 800 868;673;274;1384 1 50
462660 1289 5 942 90;852;1087;1571;1108 31 72
462734 1290 1 588 588 151 37
462772 1291 12 1062 1146;1029;738;1127;1331;1253;1357;1001;648;632;1418;1061 1 50
462848 1292 9 910 1353;918;871;936;892;1017;468;844;895 1 50
462856 1293 3 849 85;1265;1198 1 50
463050 1294 2 571 753;389 6 81
463143 1295 30 854 745;1025;801;1319;680;482;531;1478;1141;1046;347;532;745;740;863;1192;591;491;1149;757;417;1072;1046;1453;619;775;1104;945;1099;425 1 50
464146 1296 2 718 405;1032 1 50
464193 1297 14 994 841;194;232;1063;916;769;1246;1180;1690;996;1451;1098;1472;772 11 92
464201 1298 9 867 143;1067;777;1435;1320;106;1406;715;836 2 54
464439 1299 2 472 207;737 1 50
464566 1300 7 835 1259;961;778;948;249;773;875 4 56
464664 1301 3 946 1381;806;652 1 50
464749 1302 29 774 933;756;1356;1086;1425;560;409;813;285;201;1018;754;775;896;668;445;629;1303;319;979;704;674;779;1663;177;1204;645;422;579 48 34
465460 1303 1 355 355 8 94
465613 1304 3 1185 1420;973;1163 1 50
465621 1305 3 820 855;592;1014 4 56
465705 1306 13 962 1539;778;918;976;1326;971;558;872;867;920;1159;1189;433 4 56
466083 1307 4 904 1314;1562;101;637 3 14
466994 1308 3 1068 1431;827;946 1 50
467220 1309 2 868 1158;578 6 81
467788 1310 4 434 176;76;573;911 1 50
467871 1311 3 953 446;1704;709 4 56
467883 1312 1 1063 1063 16 19
467918 1313 5 900 791;1627;542;102;1438 1 50
468015 1314 2 361 202;520 6 81
468186 1315 4 804 1558;1007;184;466 330 89
468649 1316 6 1276 1599;1386;411;1608;1183;1466 1 50
469056 1317 4 703 239;571;473;1528 96 90
469070 1318 7 715 761;833;387;260;1214;805;746 2 54
469237 1319 5 521 430;960;873;257;83 4 56
469423 1320 13 814 949;196;1391;318;776;394;861;1317;867;1474;913;415;710 1 50
469433 1321 2 512 557;468 1 50
469456 1322 4 710 578;767;571;926 1 50
469655 1323 7 842 791;1245;561;870;919;756;749 3 14
469709 1324 2 1428 1205;1650 3 14
469814 1325 2 1010 717;1303 1 50
469877 1326 21 1051 712;694;971;1574;1397;1438;1340;1204;642;644;1308;953;992;1006;1341;1553;1102;1232;798;710;458 1 50
469931 1327 4 1085 1075;1258;1307;701 22 25
470092 1328 2 736 945;526 1 50
470174 1329 4 897 167;1000;1313;1108 2 54
470192 1330 3 686 1069;402;586 3 14
470251 1331 19 886 1120;1358;1421;679;670;1034;804;744;945;865;315;1409;1177;956;1176;396;483;1039;247 40 4
470397 1332 6 908 1104;1000;241;1372;1443;286 4 56
470434 1333 3 767 575;1468;258 68 23
470734 1334 2 770 755;784 56 19
471154 1335 3 981 726;1162;1055 1 50
471634 1336 1 792 792 1 50
471794 1337 1 788 788 1 50
471811 1338 4 994 1159;1395;850;570 4 56
471938 1339 5 813 1604;428;653;297;1085 1 50
471963 1340 4 936 1139;1195;521;890 1 50
472154 1341 10 836 647;881;482;948;354;1582;1296;766;917;489 1 50
472166 1342 6 1120 697;1631;1577;732;818;1263 1 50
472183 1343 1 1161 1161 1 50
472420 1344 3 614 521;697;625 6 81
472769 1345 5 776 470;914;643;1282;573 7 70
472918 1346 4 1116 1094;816;1693;862 4 56
473100 1347 5 952 1159;435;1524;696;944 1 50
473281 1348 3 769 681;637;990 15 4
473302 1349 27 915 741;73;1577;1081;838;847;1212;1034;682;1470;1040;346;1702;973;832;1062;677;338;1296;1266;657;975;921;1580;93;787;605 6 81
473351 1350 1 898 898 1 50
473471 1351 5 938 1225;884;581;690;1309 13 34
473530 1352 1 1034 1034 48 34
475013 1353 3 709 506;880;740 1 50
475035 1354 10 892 723;1111;740;1042;1286;728;927;984;461;921 1 50
475121 1355 7 948 874;1023;1182;1194;1047;847;472 12 30
475160 1356 3 983 1441;496;1012 1 50
475446 1357 6 904 1468;672;968;860;546;910 1 50
475814 1358 1 1123 1123 2 54
476033 1359 1 712 712 3 14
476359 1360 7 737 182;931;1029;1332;976;234;473 19 64
476391 1361 3 535 696;563;346 8 94
476671 1362 2 743 400;1086 16 19
476699 1363 9 1108 1278;1434;568;734;1410;1555;1348;287;1357 1 50
477429 1364 3 893 813;613;1253 2 54
478360 1365 2 976 1303;650 1 50
478371 1366 3 1037 1346;632;1134 25 76
478435 1367 7 1156 590;1351;1148;1276;744;1258;1722 3 14
478653 1368 3 1352 1517;1587;951 131 61
479973 1369 2 869 526;1212 9 6
480052 1370 5 877 659;603;783;822;1518 2 54
480628 1371 11 1198 1643;1339;1391;1530;639;917;1514;1459;970;1072;701 10 26
480658 1372 1 1093 1093 50 34
480716 1373 2 366 228;505 2 54
480756 1374 4 788 1698;315;740;398 301 32
480898 1375 3 524 492;398;683 2 54
480911 1376 4 856 683;873;1016;851 8 94
481038 1377 4 699 444;344;701;1307 31 72
481426 1378 3 1049 1030;977;1141 1 50
481474 1379 2 402 265;540 1 50
481842 1380 4 758 454;580;995;1005 1 50
481933 1381 7 706 168;1042;350;816;994;940;632 169 89
482038 1382 2 852 717;988 4 56
482123 1383 7 942 993;1072;1254;592;423;967;1290 2 54
482237 1384 2 766 1123;410 2 54
482262 1385 15 952 456;1574;881;628;1285;788;1035;687;1205;609;704;1386;971;872;1204 13 34
482331 1386 5 1189 1319;978;1093;821;1734 3 14
482511 1387 3 1061 817;1207;1158 15 4
482852 1388 15 930 851;1265;480;430;1258;790;720;846;1474;784;656;1272;803;966;1360 2 54
483460 1389 4 1301 1044;1735;1440;986 22 25
483495 1390 2 1002 1515;490 18 57
483500 1391 3 907 1313;973;436 3 14
483559 1392 4 1113 1493;1289;733;937 8 94
484229 1393 3 894 1291;451;940 271 22
485316 1394 3 1086 1423;1227;608 2 54
485650 1395 5 873 615;1058;591;1085;1016 1 50
485773 1396 1 1420 1420 1 50
485813 1397 12 876 1073;492;1453;1363;861;771;273;409;1201;720;797;1099 9 6
485938 1398 1 1585 1585 5 74
486195 1399 5 772 935;715;740;1115;356 15 4
486286 1400 3 489 287;666;514 1 50
486332 1401 11 842 408;361;637;1149;965;650;981;851;1276;1172;816 228 46
486514 1402 4 857 551;745;1004;1129 4 56
486972 1403 3 538 524;148;942 1 50
487600 1404 2 932 684;1181 104 32
487646 1405 2 1144 911;1378 1 50
488271 1406 5 837 525;1094;779;1227;562 3 14
488358 1407 1 624 624 3 14
489111 1408 12 918 322;541;1695;1109;346;210;1212;1312;877;653;1643;1101 2 54
489120 1409 2 1174 787;1561 187 13
489240 1410 4 890 702;1133;916;809 2 54
489511 1411 1 744 744 35 16
490155 1412 9 956 789;1280;1311;928;730;1002;579;1041;947 1 50
490185 1413 2 1114 800;1428 105 52
490315 1414 3 1091 799;807;1667 2 54
490461 1415 2 928 758;1097 125 18
492007 1416 5 696 869;155;597;297;1563 1 50
492150 1417 2 536 338;734 269 68
492165 1418 6 837 844;919;1096;1083;736;342 1 50
492904 1419 3 779 929;461;948 2 54
492993 1420 5 1145 1097;1247;542;1593;1247 2 54
493291 1421 7 743 730;872;741;473;1272;380;734 2 54
493353 1422 6 904 1069;1200;537;1234;1022;359 32 26
493512 1423 3 834 1384;577;542 145 78
493545 1424 8 805 559;700;645;227;696;1563;765;1285 1 50
493705 1425 22 990 1249;1248;1650;1570;233;764;835;1112;685;762;915;1350;395;637;1540;1008;488;1113;1169;1322;1029;702 52 7
494106 1426 6 966 749;487;1577;632;1136;1213 1 50
494153 1427 7 827 778;1213;553;187;1004;1392;665 1 50
494294 1428 4 880 1146;451;1162;761 129 47
494428 1429 2 816 1278;353 6 81
494978 1430 5 1035 585;1025;1558;1008;998 4 56
495418 1431 2 878 876;880 1 50
495611 1432 7 922 1160;927;210;839;1400;1069;847 1 50
495659 1433 7 819 918;966;1111;636;114;1168;820 1 50
495700 1434 7 978 763;984;969;1161;616;713;1637 37 49
495968 1435 3 1065 938;725;1531 29 86
497844 1436 1 676 676 36 1
497870 1437 4 782 1062;982;1023;60 9 6
499305 1438 2 1279 1310;1248 1 50
499464 1439 9 744 577;1210;605;1095;1084;849;278;676;323 117 46
500093 1440 6 940 831;1093;772;393;1282;1269 3 14
500511 1441 4 909 308;1435;722;1170 2 54
501342 1442 3 993 1344;1040;595 2 54
502461 1443 2 740 800;679 1 50
502868 1444 3 1242 838;1363;1526 2 54
503337 1445 13 958 1388;679;846;674;1269;827;987;1299;1228;1021;516;1167;548 3 14
503369 1446 6 758 371;1136;1090;352;903;695 23 48
505510 1447 1 507 507 83 92
505725 1448 1 198 198 1 50
507269 1449 1 1342 1342 1 50
507361 1450 3 1009 1122;1003;903 3 14
507534 1451 5 868 1197;661;912;922;650 62 41
507654 1452 1 1398 1398 1 50
507873 1453 3 776 829;1137;361 27 62
507968 1454 2 574 387;762 1 50
508074 1455 2 1202 1221;1182 9 6
508132 1456 3 821 1038;991;435 2 54
508285 1457 6 646 270;1036;1014;970;283;301 2 54
508555 1458 2 1054 1152;955 3 14
508886 1459 5 826 732;1077;556;494;1273 1 50
508895 1460 4 1142 589;1153;1362;1464 17 86
508962 1461 2 781 1098;464 198 43
509195 1462 2 1078 1111;1044 28 43
509255 1463 3 1104 973;994;1344 65 19
514327 1464 12 984 779;880;1527;781;351;387;1133;1618;692;1052;1567;1045 11 92
514414 1465 18 940 803;946;1516;1142;954;1211;346;989;341;1189;896;826;679;162;1015;1580;1133;1187 1 50
514924 1466 3 1017 853;1299;898 2 54
515228 1467 36 1001 680;844;859;293;661;1702;771;1162;1270;1234;780;1120;1105;1569;1473;1088;1033;907;164;508;605;1213;950;1173;1453;695;1449;878;1575;1423;265;1276;1600;713;1063;490 27 62
515251 1468 2 918 863;972 2 54
516144 1469 3 787 992;380;988 19 64
517332 1470 2 884 911;857 3 14
517609 1471 3 1018 1090;1332;633 1 50
517696 1472 2 1242 1555;930 4 56
517851 1473 3 589 415;773;580 8 94
518074 1474 1 627 627 34 68
520495 1475 4 957 1272;859;1324;373 2 54
521197 1476 4 762 660;420;1004;964 2 54
521421 1477 1 1713 1713 5 74
521525 1478 1 960 960 106 8
522249 1479 20 916 1158;80;522;530;1296;903;1076;1213;295;896;746;901;1521;525;1235;1076;758;1384;940;1259 1 50
524287 1480 10 792 935;904;909;789;1035;1097;281;434;1000;532 2 54
525443 1481 8 810 1600;850;636;416;651;470;914;945 1 50
557969 1482 2 828 1178;477 15 4
558159 1483 3 646 653;431;855 14 27
558223 1484 5 862 721;898;910;1033;750 296 3
558263 1485 8 715 908;300;397;1567;613;886;758;292 2 54
558834 1486 3 1073 1191;532;1497 3 14
558867 1487 2 708 599;818 6 81
558927 1488 5 831 1041;240;1404;832;637 66 54
559107 1489 8 869 1256;729;628;925;728;937;661;1091 1 50
559610 1490 3 527 168;688;724 2 54
559612 1491 5 1185 1584;773;634;1640;1292 2 54
559629 1492 6 1012 1088;941;183;939;1297;1624 2 54
559651 1493 5 864 372;602;1047;1725;572 38 29
559725 1494 5 861 883;1035;427;1222;736 66 54
559733 1495 3 911 318;1092;1323 1 50
560212 1496 17 904 1356;1637;644;1147;1282;556;707;850;1050;983;960;441;1128;660;790;714;471 172 16
560264 1497 6 935 481;1157;1178;1083;792;919 43 48
560604 1498 1 670 670 1 50
560655 1499 3 876 1031;945;652 59 4
561065 1500 3 679 844;541;652 27 62
561268 1501 15 979 1026;948;352;789;1146;1266;1455;566;939;1444;219;1434;948;1095;1061 1 50
561290 1502 2 1418 1433;1404 7 70
562406 1503 3 1074 1384;830;1008 85 41
562426 1504 4 777 719;1176;1098;115 56 19
562469 1505 3 848 1318;160;1066 2 54
562813 1506 6 1005 1138;231;743;757;1660;1503 1 50
563124 1507 2 453 518;388 14 27
563207 1508 2 746 803;689 3 14
563281 1509 2 946 952;941 168 82
563352 1510 29 780 675;740;682;840;832;1152;982;940;266;1286;298;1369;1430;900;784;1027;943;667;64;904;377;1644;163;872;118;916;860;441;458 16 19
563488 1511 2 931 958;904 4 56
563547 1512 2 634 397;872 1 50
563580 1513 2 1016 448;1583 4 56
563646 1514 6 711 514;585;748;471;895;1053 135 20
563684 1515 3 972 1279;652;986 1 50
563777 1516 7 1012 1531;439;1397;1023;811;1145;735 1 50
563846 1517 9 833 390;828;1054;809;351;1132;1291;984;656 1 50
563864 1518 2 808 1270;345 53 27
564662 1519 14 797 1465;563;689;1235;327;637;1109;588;685;429;429;1073;919;1004 6 81
565209 1520 2 810 695;924 2 54
565557 1521 3 1283 1720;500;1630 158 74
565672 1522 1 674 674 219 16
566207 1523 1 684 684 49 49
566266 1524 5 955 312;1580;999;878;1007 21 2
566424 1525 2 668 1000;335 1 50
566445 1526 4 1044 1078;1082;1035;981 120 96
566614 1527 6 1018 1073;1316;776;1274;633;1033 9 6
566690 1528 2 694 463;925 1 50
566812 1529 4 620 616;912;713;240 1 50
566820 1530 2 352 81;623 1 50
566947 1531 2 1206 1147;1266 29 86
566968 1532 7 1023 680;1140;665;1520;994;1037;1128 14 27
566970 1533 4 1037 807;380;1372;1589 2 54
567104 1534 2 854 1118;590 2 54
567552 1535 2 1182 1516;849 3 14
567667 1536 3 1174 1635;470;1416 142 18
567966 1537 40 963 793;576;542;1529;840;1474;1324;1252;564;1175;883;904;1073;648;1475;1059;349;769;336;1313;430;1178;281;712;1299;947;898;597;907;1681;600;1161;996;1500;583;1025;1366;701;1592;1178 59 4
568060 1538 5 1246 1485;392;1352;1320;1680 1 50
568080 1539 25 985 1408;1068;1470;642;851;762;1046;1384;1445;832;482;1322;270;1025;1160;1342;1196;781;1523;880;1038;682;385;328;1299 9 6
568090 1540 2 1490 1541;1439 77 6
568298 1541 3 761 1029;425;828 4 56
568596 1542 3 735 804;753;648 1 50
568829 1543 2 806 1016;596 1 50
568837 1544 5 969 776;1530;984;638;919 1 50
568903 1545 8 904 1371;1202;1059;1384;1110;189;369;551 63 54
569092 1546 2 1342 1029;1655 6 81
569530 1547 12 812 545;582;524;1345;682;89;835;743;1167;1348;731;1157 1 50
569621 1548 3 774 1076;655;590 1 50
569836 1549 17 904 1004;985;759;396;668;1300;1007;1202;563;1003;235;1116;907;1347;406;1602;876 11 92
569842 1550 2 740 523;957 2 54
569860 1551 33 790 882;891;1487;463;376;347;338;1244;943;546;1011;558;664;1075;744;141;722;503;930;1274;777;333;1449;189;1528;1215;664;944;310;1206;1235;616;466 46 4
569897 1552 2 940 1133;748 10 26
569987 1553 12 830 557;1013;350;980;1129;413;1187;868;870;849;1167;579 2 54
570348 1554 6 1323 1566;944;864;1500;1405;1660 5 74
570397 1555 2 894 579;1209 6 81
570847 1556 1 1066 1066 13 34
571601 1557 3 862 795;1229;562 2 54
572698 1558 4 888 719;1327;641;867 5 74
572710 1559 1 1068 1068 1 50
572953 1560 23 981 604;297;952;491;1324;739;1576;1195;861;1255;478;1705;792;1484;1264;1054;903;682;1123;797;1119;882;978 2 54
573010 1561 7 724 943;539;662;486;590;747;1099 1 50
573056 1562 11 825 703;210;840;514;699;914;1089;1022;1224;1117;747 3 14
574115 1563 3 1002 1321;812;872 3 14
574181 1564 2 930 1083;778 1 50
574261 1565 6 1190 1316;1394;1221;596;1163;1452 5 74
574537 1566 6 1122 1622;1308;1381;1397;341;685 1 50
575325 1567 1 527 527 2 54
575780 1568 7 688 1219;512;510;703;877;731;263 4 56
575888 1569 2 814 1113;516 2 54
575929 1570 6 842 626;621;992;937;728;1150 2 54
576033 1571 4 1175 1469;1088;931;1212 77 6
577055 1572 11 1069 1276;474;686;1282;407;1488;1474;1092;1011;1369;1202 4 56
577133 1573 2 388 711;65 1 50
577523 1574 5 1056 1041;931;947;956;1403 50 34
577602 1575 4 911 905;522;729;1488 21 2
577819 1576 4 1125 1019;1335;1699;446 10 26
577854 1577 2 450 498;401 3 14
577939 1578 3 957 955;983;933 2 54
578256 1579 4 1154 1087;919;1266;1342 12 30
578339 1580 2 696 805;588 11 92
579049 1581 22 964 1503;664;1068;1173;162;1237;1245;887;1368;1303;1481;592;499;1163;1037;938;1022;907;701;791;1045;418 4 56
579117 1582 2 1111 1357;865 5 74
579351 1583 5 930 1397;665;985;1253;349 237 55
579421 1584 1 1016 1016 2 54
579541 1585 12 866 1346;1067;778;1155;1093;1197;1059;260;522;254;1189;469 8 94
579645 1586 2 796 474;1117 1 50
580076 1587 3 622 231;1001;635 8 94
580222 1588 14 1055 1019;1391;1305;1381;637;1405;1112;399;533;243;1228;1569;1226;1317 49 49
580338 1589 8 633 499;695;228;373;183;1315;466;1305 11 92
580444 1590 12 838 409;1320;1014;881;1146;745;1344;1007;376;200;1029;581 7 70
580685 1591 4 630 355;469;1392;302 67 66
580969 1592 3 895 921;728;1035 2 54
581033 1593 8 965 1065;1553;198;689;903;523;1336;1455 1 50
581241 1594 2 1015 692;1338 1 50
581330 1595 2 568 503;633 6 81
581487 1596 7 881 971;860;589;1240;816;791;900 147 88
581951 1597 3 1138 1251;1210;954 13 34
582190 1598 3 892 681;1401;595 12 30
582244 1599 4 1123 1469;997;1052;974 2 54
583284 1600 3 1345 1644;980;1410 3 14
584025 1601 9 986 1002;616;1455;656;670;1272;1032;1411;757 2 54
584230 1602 17 899 301;981;1274;893;782;1296;504;645;741;703;908;852;741;564;1660;1440;998 21 2
584239 1603 2 1389 1135;1643 1 50
584677 1604 4 724 184;884;1565;264 4 56
585223 1605 15 900 1167;630;1342;638;1374;152;693;523;1236;598;1133;570;1103;1293;1044 12 30
585840 1606 11 855 780;1130;765;813;1150;297;808;652;578;1074;1359 2 54
586005 1607 2 675 1054;296 2 54
587324 1608 6 924 962;972;881;706;1079;947 1 50
587482 1609 1 1149 1149 33 69
587818 1610 11 872 1429;763;818;1052;1396;675;872;362;211;745;1273 1 50
587842 1611 2 1048 947;1148 228 46
588329 1612 4 827 1167;624;595;921 2 54
590316 1613 5 861 974;602;748;471;1511 27 62
590626 1614 5 739 799;408;777;569;1141 1 50
590858 1615 4 968 1127;897;1688;160 2 54
590917 1616 2 1024 1017;1031 4 56
591084 1617 6 947 704;728;1186;753;1295;1014 4 56
591410 1618 8 881 941;385;996;1158;510;1185;899;976 1 50
592536 1619 1 1719 1719 19 64
592601 1620 5 1225 1113;1571;1429;1405;607 1 50
593956 1621 7 865 755;338;1653;949;548;751;1059 6 81
594040 1622 6 979 874;644;1224;1166;1297;668 13 34
594111 1623 15 986 1319;1061;1203;792;815;1121;996;643;1579;1154;775;772;929;790;848 77 6
594133 1624 3 820 643;731;1086 54 67
594608 1625 3 749 969;320;959 3 14
595665 1626 1 1074 1074 1 50
595684 1627 3 718 666;562;925 97 19
596006 1628 9 877 824;695;1512;946;1240;299;690;598;1089 162 67
597373 1629 2 1170 977;1364 1 50
597559 1630 2 1200 1027;1372 1 50
597578 1631 3 1038 1154;765;1195 1 50
597857 1632 79 970 1588;861;519;1334;1095;1582;466;185;681;384;843;672;1041;1269;1327;986;993;1347;960;684;1697;1688;1114;1642;714;982;1278;637;299;503;1089;962;1217;1303;1468;1539;1424;1292;306;794;626;957;735;187;948;1244;454;1438;861;881;1399;798;406;748;987;397;976;994;1331;473;1032;1235;1222;1440;1111;783;660;1215;1420;1146;512;587;883;697;1104;1053;907;1111;870 2 54
598591 1633 2 511 260;762 356 38
599446 1634 2 994 1118;871 2 54
599536 1635 10 1056 949;1036;1306;1057;635;763;1622;302;1380;1512 11 92
600262 1636 2 994 600;1387 2 54
601372 1637 1 1235 1235 2 54
601537 1638 2 1210 980;1441 1 50
602301 1639 3 783 863;507;980 2 54
604187 1640 4 1038 1592;1000;699;863 2 54
605636 1641 10 872 1245;712;804;771;224;990;1326;851;801;993 7 70
