time jobId jobSize runtime tasks user peer
1359 1 1 866 866 1 198
1375 2 4 980 1702;785;211;1221 1 198
1419 3 4 934 1108;482;1022;1126 4 805
1845 4 8 648 431;1248;939;841;352;360;516;494 2 362
2016 5 2 1038 984;1092 1 198
2524 6 9 748 554;991;634;282;979;872;568;613;1243 1 198
3303 7 3 1004 1391;610;1010 1 198
3401 8 10 946 1176;959;1087;1219;1015;1017;1322;335;1113;220 9 339
3631 9 14 761 590;694;1055;818;245;1205;740;1307;584;467;410;748;1143;650 1 198
3671 10 7 617 574;142;1112;409;1011;470;603 1 198
4357 11 2 953 891;1015 1 198
4549 12 5 902 820;919;1162;1161;446 2 362
7731 13 3 1081 516;1647;1080 38 994
16253 14 9 961 290;1622;932;1430;1077;387;1012;915;982 30 516
16866 15 1 1136 1136 1 198
50882 16 14 944 1663;404;1130;922;749;384;1147;873;1618;1007;587;775;1374;584 1 198
53368 17 1 672 672 2 362
53609 18 1 1186 1186 36 929
54068 19 3 718 520;291;1344 1 198
54145 20 9 959 1106;231;1668;328;829;1051;809;1450;1156 150 611
55480 21 3 930 926;1206;657 5 760
55534 22 10 774 196;245;559;1341;1220;1287;554;738;599;1001 9 339
55542 23 2 1045 959;1131 1 198
56315 24 2 808 1012;604 91 841
56546 25 10 1004 788;756;889;485;1448;678;1372;1302;1344;977 6 94
56608 26 7 869 512;726;818;1351;503;978;1195 6 94
56730 27 3 866 420;1355;824 1 198
56742 28 2 788 664;911 1 198
56783 29 11 991 607;1312;878;949;764;895;760;1255;1397;1109;978 2 362
56883 30 2 946 653;1238 4 805
56928 31 16 924 597;1075;873;694;1353;957;905;1150;734;947;1681;178;946;935;717;1035 8 588
57016 32 2 834 747;922 3 713
57735 33 8 684 519;870;168;182;1017;1509;747;463 272 519
57754 34 3 699 946;508;643 1 198
57967 35 4 713 314;939;373;1226 6 94
58053 36 2 731 384;1078 2 362
58066 37 2 1308 1402;1213 34 407
58082 38 3 884 785;1200;668 1 198
58300 39 7 901 860;1435;1193;493;715;1143;467 1 198
58496 40 5 1199 1360;1532;1230;633;1242 114 435
59748 41 2 702 901;502 150 611
60035 42 2 696 622;771 15 399
60477 43 17 875 219;1546;649;413;1287;870;1397;1132;830;744;428;1153;1369;175;848;763;1046 1 198
61012 44 10 799 850;1475;470;275;720;961;1299;1058;498;383 9 339
61046 45 7 1026 743;719;946;1449;1146;1049;1133 5 760
61333 46 2 744 1088;400 96 114
61363 47 8 1059 983;1494;1481;1532;680;607;861;834 16 606
61566 48 2 1420 1304;1535 2 362
61592 49 6 656 501;178;709;1174;454;918 79 69
61662 50 23 811 300;884;191;608;319;787;540;1658;153;1705;366;1014;1276;870;330;1410;1700;741;546;952;799;994;513 178 301
61701 51 2 1018 1021;1016 1 198
62227 52 5 1222 444;1440;1408;1435;1382 103 872
62337 53 1 984 984 145 742
62733 54 52 871 679;883;436;969;1007;1271;784;513;753;847;579;733;873;466;970;644;895;1405;558;875;333;1081;1232;997;452;729;498;1169;687;459;1073;1361;608;536;963;1104;1669;1168;241;735;1321;946;1290;879;703;744;538;761;344;1523;1298;1713 4 805
62931 55 4 662 1300;123;496;728 125 715
63013 56 4 898 1342;985;573;691 5 760
63018 57 15 759 147;561;758;1179;966;844;604;740;927;606;382;841;528;618;1688 1 198
63418 58 2 1046 572;1521 119 289
63715 59 4 946 1382;747;284;1369 28 108
68016 60 10 1067 791;381;1096;1062;1328;748;1569;1329;1329;1036 106 612
68050 61 1 553 553 1 198
68089 62 2 1175 1309;1041 2 362
68131 63 5 858 681;904;1488;254;963 4 805
68250 64 2 986 960;1012 3 713
68294 65 5 1064 1170;1581;830;1205;532 5 760
68377 66 5 1104 1622;1385;1465;628;422 48 810
68500 67 7 900 1581;256;613;475;923;897;1557 13 116
68774 68 6 686 131;570;1333;555;761;766 1 198
70027 69 2 800 551;1049 2 362
70319 70 1 1548 1548 2 362
70691 71 6 866 623;1054;850;1235;427;1004 1 198
70722 72 15 922 877;1726;961;699;1694;304;726;739;1172;703;244;1019;706;1135;1127 1 198
71304 73 2 1425 1616;1234 2 362
71457 74 2 465 842;88 2 362
71495 75 16 936 820;767;1485;1154;1537;1279;1016;224;566;640;1302;289;1570;1098;733;493 1 198
71596 76 3 972 882;976;1057 1 198
72487 77 8 844 925;841;1182;765;251;1571;263;957 1 198
73346 78 2 950 723;1176 3 713
73558 79 2 777 1114;440 28 108
74976 80 6 1044 744;1102;1662;922;614;1219 287 513
75257 81 2 1104 729;1479 277 730
75969 82 3 1142 1073;1137;1216 1 198
76023 83 3 894 1348;1113;222 8 588
76812 84 3 748 385;459;1401 16 606
76857 85 3 704 443;683;986 1 198
82682 86 2 912 979;845 9 339
83009 87 3 897 940;1067;685 61 41
83345 88 2 362 367;357 12 578
88546 89 2 635 610;660 19 964
89247 90 5 879 1192;726;1156;658;665 3 713
91109 91 6 802 1385;514;849;1230;361;475 12 578
91563 92 9 1157 1441;1327;1388;1175;1190;869;840;997;1183 1 198
91629 93 3 847 1160;880;500 17 812
91775 94 2 518 137;898 3 713
92421 95 8 1031 1269;678;824;1229;1355;1135;749;1007 9 339
92636 96 23 835 798;311;1620;815;685;847;746;1165;562;1134;1205;1207;549;927;987;650;520;211;1326;767;879;784;518 5 760
92982 97 5 932 347;991;1694;708;922 14 2
94995 98 1 602 602 88 89
96458 99 9 880 425;1047;616;482;1103;1620;683;366;1580 86 370
98846 100 2 1542 1626;1459 1 198
100504 101 7 903 1292;927;323;1021;937;1245;573 231 471
102339 102 2 1266 1203;1328 3 713
104289 103 11 819 1235;661;561;1124;1232;89;1288;540;1081;679;519 1 198
104830 104 3 1334 1366;1480;1155 6 94
104849 105 3 1046 1260;1051;828 9 339
105451 106 8 716 1459;778;915;931;74;178;797;595 11 112
105638 107 11 768 1039;731;325;1078;748;825;531;742;1043;374;1016 1 198
106351 108 20 834 801;770;559;1301;338;837;625;807;593;1258;338;1013;1174;349;1381;1235;949;1285;783;278 5 760
106495 109 2 542 94;990 321 618
106501 110 3 914 1257;678;806 1 198
106604 111 3 927 909;745;1126 31 713
106674 112 21 957 1048;699;1106;1000;681;1128;381;903;837;299;1671;1076;1057;350;1681;1590;1066;907;705;733;1188 1 198
107786 113 3 657 764;940;268 6 94
107812 114 1 322 322 1 198
107918 115 2 880 828;931 5 760
107964 116 2 930 780;1081 2 362
108062 117 8 963 810;1032;1069;1391;460;815;547;1582 1 198
108066 118 9 1250 1607;1513;1558;1290;568;1143;1044;1286;1245 3 713
108092 119 4 868 629;1092;453;1297 75 519
108111 120 2 1087 1499;675 2 362
108114 121 1 1204 1204 2 362
108141 122 2 594 589;600 2 362
108154 123 9 834 957;913;828;744;486;561;1139;916;966 1 198
108412 124 2 616 568;665 50 55
108452 125 2 1522 1617;1428 184 481
108462 126 3 969 1093;820;993 3 713
108470 127 1 1347 1347 1 198
108652 128 3 1000 1276;797;928 4 805
108668 129 4 1151 1662;866;956;1119 1 198
108738 130 3 1076 1455;1625;149 5 760
108775 131 8 896 887;604;1166;727;1488;192;1017;1091 1 198
109035 132 2 566 452;680 10 320
109096 133 4 1115 1312;1364;1166;619 5 760
110023 134 2 623 558;688 13 116
110112 135 2 1016 1702;329 35 680
110485 136 8 804 904;254;832;1295;432;699;588;1425 109 305
110497 137 4 907 815;1410;377;1027 18 213
110536 138 18 1093 1250;1340;301;1118;1419;1685;377;1399;1230;816;953;410;1093;1608;1137;1467;1062;1017 9 339
110617 139 4 1052 790;964;1410;1044 23 86
110644 140 8 977 845;1667;1268;1106;211;579;585;1552 8 588
110854 141 37 886 717;746;940;1228;1516;492;588;109;968;1022;755;1171;520;887;542;1030;596;751;846;355;841;864;1223;1138;1280;1062;1066;879;938;363;928;1115;1579;1020;1355;653;697 1 198
110878 142 3 924 1392;963;418 6 94
111963 143 10 907 797;1048;610;606;1117;564;778;1301;1261;988 4 805
112005 144 8 754 834;1347;517;479;500;440;980;932 10 320
112088 145 2 1101 1669;533 1 198
112096 146 18 744 411;1008;1000;887;165;488;447;498;1419;1210;619;659;417;767;483;895;1439;574 14 2
112203 147 4 833 769;1350;373;840 1 198
112350 148 2 1160 1382;939 8 588
112416 149 9 862 717;513;1198;834;1210;564;1004;636;1082 22 181
112423 150 4 1071 1261;1021;601;1400 123 506
112631 151 6 839 698;1012;909;240;649;1527 4 805
112652 152 4 809 465;1290;754;727 30 516
112769 153 5 1039 1347;801;683;933;1430 6 94
112775 154 22 951 683;1023;821;660;771;931;1595;268;819;1507;1241;1158;1410;964;1399;1178;1016;454;521;1076;648;772 154 546
112975 155 4 1000 1667;1261;343;730 1 198
112984 156 1 1216 1216 1 198
113400 157 6 954 1411;862;946;917;1170;420 6 94
113406 158 4 1165 651;1234;1574;1202 21 598
113425 159 11 894 866;484;1096;583;645;761;1544;1571;438;697;1152 1 198
113601 160 2 824 602;1045 48 810
113670 161 5 949 693;754;1631;940;728 51 880
113678 162 12 1033 1513;1730;713;1252;1188;1286;1134;557;255;1070;847;849 14 2
113696 163 7 879 870;1012;1214;1126;1100;114;714 1 198
113738 164 8 814 860;292;739;1327;919;923;657;792 336 110
113748 165 2 1106 1042;1169 98 635
113762 166 5 1013 280;1698;880;1355;852 1 198
113764 167 6 708 534;693;857;956;626;580 1 198
113940 168 1 984 984 2 362
114105 169 3 821 499;258;1705 4 805
114178 170 2 384 324;443 1 198
114272 171 2 1537 1709;1365 29 608
114458 172 22 808 654;1045;1036;301;615;1049;379;268;361;827;922;774;255;1385;1562;561;310;946;1674;872;820;1149 5 760
115062 173 2 754 580;929 4 805
115184 174 7 788 1032;761;630;609;1299;145;1038 2 362
115191 175 2 637 658;616 1 198
115232 176 22 922 1442;982;779;938;859;367;533;521;738;802;1250;838;1068;407;1668;543;582;875;1513;1137;1125;1311 28 108
115242 177 3 740 526;316;1377 1 198
115465 178 3 1156 1012;1309;1147 1 198
115488 179 13 761 992;672;1040;1016;338;535;1522;699;788;256;878;555;602 1 198
115602 180 4 671 173;994;1191;327 2 362
115640 181 3 1334 1285;1700;1016 3 713
115659 182 1 821 821 6 94
116031 183 4 1007 827;903;998;1300 1 198
116054 184 3 1008 1017;1256;751 53 355
116099 185 3 1031 1063;968;1061 1 198
116196 186 3 898 889;403;1401 3 713
116240 187 2 986 1274;698 5 760
116307 188 3 984 538;992;1421 4 805
116349 189 1 1584 1584 2 362
116370 190 4 1144 1138;1173;1138;1129 3 713
116681 191 2 1002 585;1419 52 122
116985 192 1 860 860 1 198
117010 193 3 652 231;724;1002 1 198
117052 194 3 955 1443;804;618 1 198
117073 195 8 944 1111;1228;1000;390;1036;342;1022;1422 2 362
117274 196 2 1044 1049;1040 22 181
117292 197 5 857 1376;374;1429;446;662 3 713
118271 198 1 852 852 8 588
118288 199 1 1280 1280 1 198
118967 200 15 1116 1444;1380;1316;1253;942;1158;1626;1157;996;995;333;745;1269;1215;906 12 578
119335 201 69 899 392;1041;900;1308;864;296;1312;1589;765;665;878;959;1202;1360;500;350;675;1282;230;1098;1696;819;562;707;1191;456;567;1212;755;1175;1280;946;1083;717;956;1328;502;1003;750;282;633;943;402;1001;1372;442;806;651;943;1081;1109;1025;1205;1390;683;425;1365;1285;807;982;702;1358;679;578;831;862;852;979;985 240 495
119342 202 3 1297 1511;1212;1169 1 198
119345 203 2 296 366;225 191 839
119417 204 4 712 441;119;1020;1270 1 198
119692 205 2 970 908;1031 6 94
119723 206 4 1182 631;1091;1458;1550 1 198
120068 207 3 856 951;709;907 1 198
120114 208 6 898 1412;1197;417;363;911;1088 185 63
120237 209 3 746 1353;423;463 6 94
120270 210 1 1246 1246 1 198
120358 211 2 915 1024;806 1 198
120361 212 2 572 364;781 3 713
120458 213 16 1057 1006;845;992;1053;1214;1014;1269;1200;1079;1646;1323;1483;115;908;1206;565 1 198
121291 214 5 871 788;1201;951;1007;409 51 880
121502 215 1 899 899 1 198
121525 216 4 751 714;1227;870;192 1 198
121907 217 6 678 1132;832;555;328;838;385 22 181
121914 218 5 929 965;1352;464;362;1504 197 412
122239 219 1 994 994 1 198
122280 220 4 524 280;1247;403;168 6 94
122316 221 13 886 645;1689;703;447;1042;505;832;1491;1081;192;491;1445;955 2 362
122557 222 2 1172 850;1494 46 208
122933 223 3 1007 1384;535;1102 3 713
122969 224 7 924 1538;846;67;609;1052;1321;1035 24 934
122976 225 14 964 936;1269;1411;694;1135;1056;460;576;689;1514;1226;415;955;1153 1 198
123054 226 2 702 584;821 78 443
123076 227 3 1235 1275;1415;1014 58 270
123078 228 1 784 784 102 807
123113 229 19 923 709;1109;1548;631;753;1249;867;1088;836;1196;965;310;1700;548;940;1063;683;986;348 3 713
123432 230 11 666 421;609;652;237;934;1091;1325;709;250;567;533 26 317
123618 231 1 855 855 2 362
123966 232 4 851 493;1266;1122;522 45 875
124055 233 5 919 1074;313;1590;912;707 6 94
124099 234 5 897 915;693;778;1117;980 6 94
124231 235 2 894 754;1034 124 469
124275 236 2 1110 1364;855 1 198
124284 237 5 903 801;1131;1123;784;677 3 713
124422 238 3 799 798;816;782 56 406
124448 239 2 744 495;994 1 198
124475 240 3 856 863;1307;399 173 324
124578 241 9 1105 1426;1432;730;1128;592;855;1214;1565;1005 70 155
124703 242 9 721 579;976;884;467;789;822;776;1064;128 3 713
124859 243 3 1002 1673;739;594 2 362
124944 244 2 950 637;1264 1 198
124947 245 4 838 620;1015;1002;714 50 55
125031 246 3 664 429;962;602 8 588
125177 247 2 952 1128;775 3 713
125204 248 6 836 474;1114;610;950;1014;853 32 502
125239 249 6 914 1105;1209;964;488;972;744 5 760
125281 250 3 905 524;915;1277 1 198
125327 251 4 501 64;534;1078;329 2 362
125369 252 27 912 959;1350;387;1125;980;415;1006;1527;1598;1330;835;82;950;1578;545;1013;821;522;783;1114;706;732;1015;1127;722;563;844 3 713
125387 253 7 890 296;699;1413;1440;881;449;1054 1 198
125745 254 1 1167 1167 2 362
125747 255 2 316 527;105 1 198
125767 256 2 868 656;1079 1 198
125932 257 3 1122 505;1550;1312 48 810
126341 258 5 881 661;863;1197;1057;628 35 680
126395 259 6 620 132;372;292;505;1577;845 2 362
127038 260 2 636 537;736 6 94
127125 261 1 808 808 14 2
127180 262 3 792 671;1025;679 79 69
129632 263 8 880 259;70;1041;1261;707;775;1592;1332 1 198
129712 264 1 1249 1249 1 198
129732 265 25 865 621;1373;1082;717;627;1145;311;1467;1491;897;347;426;1067;1106;1215;767;1552;78;570;499;753;400;1353;835;932 3 713
129770 266 6 938 821;1017;1321;420;1066;982 3 713
129904 267 4 1102 1083;1437;1526;362 1 198
129912 268 5 702 956;1270;71;761;450 1 198
130439 269 7 855 684;527;664;1497;612;505;1494 1 198
130581 270 16 1055 1211;633;163;833;1165;1130;883;1194;473;1503;1446;1511;1654;1537;757;781 3 713
130614 271 2 1110 899;1321 68 215
130794 272 2 1305 1604;1006 64 595
130821 273 3 929 609;973;1204 8 588
131228 274 10 784 811;939;723;743;980;1275;789;605;579;398 26 317
131886 275 13 848 1285;1572;574;175;881;1019;982;901;230;447;1150;811;993 1 198
132154 276 10 650 729;467;342;790;829;416;707;753;621;845 2 362
132200 277 3 945 1062;893;879 3 713
132279 278 6 869 796;777;916;1345;317;1062 2 362
132292 279 2 748 375;1120 3 713
132336 280 2 1186 1058;1315 25 972
132356 281 2 798 853;744 26 317
132371 282 3 1058 808;1087;1280 306 63
133196 283 2 436 369;502 1 198
133932 284 7 1194 1045;1706;1036;811;1051;1305;1406 4 805
134431 285 3 768 932;667;705 1 198
134663 286 5 996 658;616;1135;1086;1483 244 708
134975 287 24 888 1706;871;1338;411;1376;727;456;517;178;808;1140;1085;998;1592;1286;811;1089;225;930;1372;365;822;987;225 1 198
135009 288 3 1120 1067;1322;972 12 578
135379 289 6 1100 1232;1522;495;1512;1083;757 2 362
135431 290 3 1109 810;1417;1100 19 964
135700 291 2 729 923;535 1 198
135712 292 3 866 607;1145;845 1 198
135740 293 1 856 856 5 760
135829 294 3 840 1374;284;861 2 362
135937 295 2 1172 851;1493 1 198
136756 296 2 1272 1140;1403 3 713
136946 297 5 824 1472;778;776;227;869 2 362
137103 298 3 710 989;406;735 10 320
137225 299 3 988 970;775;1219 22 181
138990 300 2 494 761;226 3 713
139013 301 1 1359 1359 5 760
139081 302 1 697 697 3 713
139317 303 2 650 849;451 14 2
139682 304 1 1431 1431 2 362
139911 305 2 1298 1021;1576 25 972
139985 306 5 1048 1494;1153;1194;1099;299 178 301
141285 307 2 664 164;1165 3 713
142253 308 11 711 469;701;417;1162;714;1171;1200;784;108;697;398 4 805
142417 309 12 973 467;833;1480;705;953;1082;952;1210;1073;912;634;1375 2 362
142456 310 1 930 930 1 198
142519 311 8 1142 1236;1689;642;1102;1354;1074;802;1240 2 362
142928 312 2 1148 1171;1126 28 108
143405 313 2 1212 933;1490 2 362
143633 314 2 910 654;1166 1 198
143654 315 9 893 363;858;1170;1018;796;1242;435;717;1440 1 198
143677 316 2 1000 1410;589 1 198
143982 317 3 774 914;542;865 1 198
144138 318 3 971 1603;875;434 4 805
144321 319 4 960 299;1320;1165;1055 1 198
144384 320 1 900 900 2 362
144506 321 13 876 977;1322;1086;419;780;1340;245;326;1538;900;891;486;1075 1 198
144516 322 2 860 343;1377 4 805
144738 323 3 826 705;1184;588 4 805
145220 324 3 1106 805;1489;1023 8 588
147015 325 9 917 847;744;331;1117;1601;1125;218;944;1325 4 805
147021 326 2 1338 1110;1566 1 198
147032 327 1 317 317 22 181
148944 328 2 1284 1469;1099 1 198
149050 329 31 899 863;1113;1237;255;637;1654;920;461;1420;1511;851;422;1279;1051;1015;912;617;865;697;588;239;977;843;1226;904;724;1032;1230;464;758;1104 96 114
149408 330 2 436 565;307 34 407
149759 331 2 486 485;487 11 112
149814 332 1 673 673 4 805
150481 333 2 492 311;672 1 198
152030 334 2 986 810;1161 3 713
152622 335 4 976 1131;571;665;1539 2 362
152770 336 3 1213 726;1305;1607 1 198
153182 337 2 1115 1314;916 2 362
153343 338 6 811 718;1405;985;752;776;229 4 805
153549 339 2 895 1178;612 2 362
153754 340 4 940 461;1169;581;1548 1 198
153792 341 2 599 433;765 7 501
154033 342 3 1282 1481;1337;1028 5 760
154128 343 2 952 656;1247 62 509
154216 344 4 1124 1084;1448;473;1493 1 198
154853 345 2 1356 1444;1267 1 198
154900 346 3 705 1071;664;379 67 755
155500 347 3 1133 569;1226;1604 69 769
155541 348 7 903 710;1154;1104;612;431;1350;961 3 713
155590 349 9 829 956;1092;155;1158;919;1003;732;994;449 6 94
155703 350 4 891 929;1261;789;585 19 964
155836 351 1 1185 1185 1 198
157045 352 3 1083 791;1205;1252 65 813
157130 353 4 871 1018;672;931;863 56 406
157165 354 7 708 781;330;887;455;1063;188;1252 6 94
157353 355 3 1153 1077;1317;1065 1 198
157409 356 4 876 825;791;1012;877 66 689
157552 357 2 1318 1279;1356 9 339
157617 358 9 904 1159;1419;535;532;1096;1378;1164;388;469 26 317
157906 359 7 895 1174;891;336;1268;528;891;1180 3 713
157970 360 4 843 831;708;1246;588 36 929
158118 361 5 1181 1094;1251;1449;1223;890 25 972
158467 362 3 901 958;676;1070 140 828
158546 363 6 1052 1410;1417;1255;628;610;992 1 198
160440 364 6 910 699;1532;920;912;995;400 3 713
161143 365 6 937 828;526;774;1175;1284;1035 1 198
161356 366 8 997 1516;1214;905;735;1311;847;994;455 2 362
161428 367 3 1154 936;927;1599 123 506
161607 368 6 1193 721;1520;653;1309;1344;1613 2 362
163440 369 3 1384 1480;1241;1431 15 399
163541 370 5 855 223;917;1250;1397;488 4 805
163757 371 1 539 539 1 198
164215 372 3 1039 1165;1381;572 2 362
166351 373 8 861 420;1400;898;1178;1112;530;727;620 2 362
166512 374 10 954 927;1299;932;599;1101;628;1300;968;540;1247 14 2
167938 375 8 926 692;808;745;1110;1172;610;935;1332 6 94
167967 376 7 713 82;733;1408;1176;646;602;346 9 339
168966 377 1 1236 1236 49 762
169841 378 11 904 560;267;324;650;995;701;1479;1294;1402;1149;1122 46 208
169977 379 10 1100 1435;542;947;1051;1739;1051;645;1664;684;1241 1 198
171873 380 9 964 608;1125;1018;1030;1549;308;1441;849;745 1 198
175036 381 1 1002 1002 4 805
177496 382 2 1396 1294;1499 8 588
178313 383 2 998 720;1276 2 362
179147 384 3 989 1494;1041;433 2 362
180400 385 3 456 568;439;362 4 805
180661 386 4 700 1133;167;492;1006 8 588
181409 387 9 836 211;1154;686;978;268;1226;1173;997;829 1 198
181862 388 11 744 245;671;680;1002;989;1053;1508;391;580;755;314 18 213
182735 389 11 913 1096;605;521;1172;1047;1001;1241;543;1273;825;718 2 362
182836 390 4 891 1041;861;1024;639 6 94
184518 391 11 751 560;1058;437;1184;932;1038;590;1445;206;69;737 8 588
185441 392 13 925 451;767;856;110;1091;1113;671;806;1416;1523;1184;927;1104 1 198
186080 393 4 836 1413;1129;386;417 40 437
186525 394 1 1199 1199 36 929
187489 395 3 864 1181;258;1152 38 994
187921 396 5 999 1712;309;984;1309;683 3 713
188669 397 8 984 1367;1497;657;641;622;1279;955;856 121 910
204449 398 1 699 699 44 595
204529 399 2 1046 769;1323 1 198
204549 400 2 900 999;802 3 713
204669 401 2 958 1541;374 2 362
205059 402 2 768 411;1124 72 455
205286 403 2 960 845;1076 4 805
205292 404 17 862 1082;610;556;675;1067;1424;828;936;724;784;471;529;1222;491;898;1005;1348 2 362
205307 405 8 877 817;858;111;834;1386;1632;573;806 2 362
205498 406 9 845 505;618;899;863;61;1234;1194;879;1354 103 872
205526 407 2 522 521;524 1 198
205632 408 9 923 983;898;654;1545;616;492;465;1670;985 3 713
205638 409 3 1072 1225;662;1330 2 362
205663 410 4 855 540;797;876;1206 126 781
205765 411 9 1026 1516;1549;1546;805;1168;117;806;1164;562 1 198
206006 412 6 891 1046;894;850;641;1035;882 1 198
206015 413 4 1074 1589;712;1258;735 1 198
206028 414 4 991 732;1127;1363;741 1 198
206072 415 2 953 1446;460 6 94
206483 416 15 816 689;710;1652;837;685;503;344;790;870;777;1131;822;605;1157;672 1 198
206491 417 2 1090 804;1376 1 198
206594 418 1 1387 1387 70 155
206639 419 2 708 372;1043 7 501
206676 420 7 850 881;703;704;618;1632;495;918 54 76
206874 421 9 884 1337;1400;478;1067;689;641;719;1195;426 9 339
206878 422 2 1088 968;1208 4 805
206920 423 2 688 911;466 5 760
206926 424 2 1000 1099;901 1 198
207240 425 16 927 696;1029;1081;995;968;295;1583;1135;628;623;885;1294;916;1045;720;936 2 362
207257 426 6 691 997;711;1130;144;231;931 3 713
207361 427 4 1054 1162;913;1206;935 3 713
207388 428 6 876 604;908;1580;1477;136;554 4 805
207421 429 4 557 746;391;267;824 15 399
207491 430 2 1170 861;1478 1 198
207504 431 1 570 570 159 439
207673 432 2 1432 1467;1396 3 713
207706 433 6 662 332;747;404;605;1066;816 32 502
207712 434 9 1183 1693;1102;1146;1421;959;1622;786;1058;860 1 198
207753 435 2 1048 905;1190 20 767
207767 436 1 570 570 11 112
207854 437 2 610 426;794 21 598
208007 438 3 721 932;922;308 2 362
208125 439 7 1145 1334;557;1231;1337;1148;1015;1394 3 713
208145 440 2 520 636;403 7 501
208424 441 3 1220 864;1115;1680 1 198
208715 442 29 817 738;1475;475;1225;663;807;840;446;678;1492;1289;527;783;1021;900;612;1049;1420;1519;781;782;567;325;606;369;902;717;291;395 91 841
208756 443 29 918 1111;448;657;819;1058;1056;1150;1492;328;801;1237;949;678;991;1118;1219;105;1294;469;1034;1139;882;951;1547;589;1195;1152;380;779 1 198
208839 444 2 943 1270;616 346 762
208871 445 87 830 884;175;789;612;750;920;737;890;841;999;1018;131;614;1382;1300;758;621;1100;956;1083;962;1606;1390;811;506;1394;356;734;594;1171;995;1174;694;1131;574;963;496;1108;519;918;1026;1046;393;695;1167;1034;632;489;1240;887;1183;1341;898;691;577;1353;439;979;779;720;246;726;773;969;452;496;715;1098;509;1027;824;1056;554;558;362;1295;1023;1153;942;1122;896;433;375;265;732;978;369 1 198
208907 446 7 1138 1035;734;720;1360;1429;1133;1557 1 198
208944 447 2 1052 789;1315 1 198
209421 448 3 1023 904;785;1381 1 198
209555 449 2 1098 1243;953 7 501
209625 450 2 1004 1617;390 47 636
209667 451 4 645 567;654;418;940 1 198
209709 452 5 1012 438;1162;1532;957;972 3 713
209976 453 34 819 732;1487;645;187;1383;1303;879;818;1116;1150;903;1474;178;861;979;532;879;905;1030;934;350;148;256;695;734;1033;557;878;513;1387;402;1055;1143;311 17 812
209986 454 10 893 999;1205;419;754;1255;1019;797;551;874;1055 1 198
210096 455 4 640 937;583;595;444 7 501
210104 456 2 1001 928;1074 6 94
210220 457 4 677 624;64;1178;843 1 198
210272 458 5 815 165;750;836;1330;992 7 501
210354 459 4 1068 1117;1206;1400;551 6 94
210375 460 2 1000 1109;891 1 198
210400 461 6 978 1386;1010;816;965;1010;680 1 198
210506 462 6 1056 831;933;919;1116;816;1723 1 198
210609 463 4 1147 1375;1528;641;1043 3 713
210623 464 3 753 700;272;1288 40 437
210822 465 2 872 1334;409 3 713
211027 466 2 980 1081;880 1 198
211187 467 2 1087 1411;763 1 198
211190 468 3 685 1021;560;475 7 501
213697 469 4 669 91;994;918;673 3 713
214480 470 9 738 232;1257;155;1466;911;460;544;1394;219 7 501
214488 471 1 955 955 1 198
214567 472 2 1094 934;1253 2 362
214580 473 4 966 618;815;1171;1260 3 713
214609 474 2 806 1262;350 6 94
214626 475 2 830 1224;436 17 812
214642 476 7 979 1191;675;634;1485;958;1191;716 1 198
214729 477 8 1037 754;1148;951;675;680;1114;1394;1579 15 399
214749 478 4 769 803;825;686;762 1 198
214876 479 5 842 813;787;1129;1047;432 1 198
214950 480 2 1079 1065;1093 2 362
214952 481 22 944 1064;1174;589;1027;1414;1684;1474;1158;614;1046;206;1093;681;471;1039;732;1571;1391;1372;468;344;152 1 198
214997 482 3 493 221;744;515 1 198
215538 483 2 988 1172;805 3 713
216494 484 15 987 1091;1181;345;1031;1096;1310;634;1515;949;1119;1285;894;204;1165;983 2 362
216559 485 2 516 663;370 9 339
216640 486 8 788 648;262;1221;500;572;634;1010;1458 3 713
217583 487 4 810 553;555;596;1535 30 516
217662 488 4 793 1289;178;1225;480 64 595
217823 489 2 915 836;994 18 213
217863 490 2 901 845;957 1 198
217912 491 2 960 983;938 2 362
218065 492 3 450 722;79;549 3 713
218085 493 3 748 658;1277;308 1 198
218090 494 9 1061 671;1554;1524;675;552;642;1320;945;1668 1 198
218163 495 1 1095 1095 8 588
218204 496 10 910 1025;1434;1091;770;361;1216;1327;432;537;902 4 805
218441 497 11 937 1334;942;950;169;1646;560;1463;1112;893;401;840 4 805
218486 498 2 854 572;1136 2 362
218679 499 2 948 597;1299 1 198
218723 500 1 1031 1031 35 680
218812 501 4 1160 1110;1241;1272;1015 3 713
218842 502 3 1034 784;1464;854 8 588
218899 503 2 551 609;493 10 320
218979 504 4 1061 1109;1565;649;921 7 501
219024 505 2 992 623;1362 2 362
219052 506 7 831 666;635;948;607;1103;542;1315 31 713
219075 507 3 1214 1231;1084;1328 7 501
219384 508 1 516 516 11 112
219442 509 5 1098 1640;1495;467;823;1066 38 994
219484 510 4 905 114;1064;705;1737 2 362
219565 511 4 754 630;823;873;690 4 805
219820 512 5 1075 1105;1449;1254;489;1079 2 362
220170 513 21 1054 1680;391;1128;1412;1159;1321;1190;874;1202;1038;587;1133;1069;555;1215;553;1547;935;889;683;1573 11 112
220484 514 3 1105 1225;1479;610 1 198
220697 515 2 937 840;1034 3 713
221582 516 7 860 1197;819;596;643;1080;872;816 9 339
221665 517 3 894 1069;409;1203 3 713
221806 518 1 1276 1276 30 516
222136 519 3 1124 853;997;1521 1 198
222471 520 5 1252 632;1432;1023;1601;1574 1 198
222491 521 1 616 616 1 198
222628 522 3 878 1002;767;866 20 767
222661 523 2 674 967;380 4 805
222890 524 3 947 443;1027;1370 16 606
223507 525 8 900 706;804;592;878;1122;1094;1442;564 3 713
223581 526 2 678 970;387 2 362
223884 527 2 1143 976;1310 1 198
224226 528 4 646 537;359;463;1224 1 198
224548 529 1 1018 1018 5 760
224597 530 18 913 511;710;1310;568;983;1300;1405;943;604;276;999;1513;629;837;1033;990;1204;627 1 198
224713 531 3 614 269;783;789 2 362
225281 532 3 1207 1335;1177;1108 1 198
225432 533 3 797 1044;711;637 11 112
226920 534 2 940 800;1079 2 362
226943 535 4 1060 1267;693;1253;1028 199 450
226957 536 8 904 1331;770;937;310;903;1215;1131;631 21 598
227871 537 7 928 1305;644;1036;575;807;721;1407 96 114
228039 538 8 1016 699;888;1280;1188;807;1188;1341;741 1 198
228185 539 3 872 885;1086;644 1 198
228311 540 6 1120 502;1094;1026;1339;1160;1598 1 198
228380 541 3 862 988;1077;521 1 198
228427 542 3 947 1302;392;1147 16 606
228446 543 2 556 603;510 1 198
228566 544 2 1099 1022;1176 1 198
228619 545 6 824 160;679;742;1342;567;1453 5 760
228660 546 2 1165 977;1353 3 713
228681 547 10 809 550;574;608;1622;1078;535;1263;420;551;891 5 760
228909 548 1 589 589 22 181
229369 549 2 1140 1351;929 18 213
229397 550 4 838 1316;580;916;541 15 399
229673 551 1 1275 1275 11 112
231167 552 3 1205 1625;716;1274 12 578
231536 553 2 930 899;961 2 362
231555 554 3 963 1141;1068;681 5 760
231562 555 2 569 715;423 151 245
231593 556 4 964 998;741;1086;1031 22 181
232818 557 1 605 605 3 713
233317 558 7 1197 1297;1135;1121;1344;1506;757;1222 2 362
233353 559 2 423 312;534 1 198
233379 560 2 745 869;621 6 94
233427 561 6 858 544;340;750;776;1227;1509 15 399
233465 562 2 1072 1253;892 21 598
233845 563 1 907 907 9 339
234293 564 9 806 1386;527;229;891;801;449;1154;1058;755 6 94
234388 565 2 794 982;605 1 198
234666 566 4 901 1068;1295;414;828 71 866
234759 567 2 804 750;859 1 198
234798 568 1 861 861 13 116
234965 569 3 1184 917;1272;1364 13 116
236850 570 13 1000 1249;953;1246;757;495;1175;1382;784;761;1739;1134;418;904 116 435
236904 571 13 785 1138;609;906;358;1190;1018;385;1587;929;532;432;796;326 1 198
236989 572 2 946 1179;712 4 805
237082 573 1 65 65 1 198
237180 574 3 491 860;405;208 27 788
237338 575 4 1223 1404;1304;876;1309 3 713
238028 576 5 618 250;871;1118;723;129 21 598
238547 577 4 828 1324;324;1352;313 2 362
238614 578 4 843 550;1033;1212;577 14 2
240132 579 2 328 127;528 5 760
240182 580 4 941 859;722;1319;864 1 198
242935 581 1 1361 1361 1 198
242959 582 7 955 1032;334;805;1032;1174;1566;739 15 399
243091 583 11 778 1144;428;335;1115;318;1252;730;534;937;1164;602 60 652
243109 584 13 911 1315;644;1189;1410;699;999;280;1265;1106;1147;1021;309;462 35 680
243623 585 8 846 683;1154;806;872;281;770;1016;1186 4 805
243834 586 3 687 351;944;765 1 198
244156 587 15 958 878;770;1185;1143;1142;274;1250;1041;1540;943;175;797;1480;1048;697 2 362
244203 588 3 855 978;697;891 5 760
244598 589 5 902 626;910;700;1674;600 12 578
244680 590 6 910 577;1287;593;1072;1204;725 1 198
245368 591 2 868 1038;698 146 855
245612 592 1 797 797 11 112
245938 593 10 978 1405;1241;1555;1474;444;497;459;1079;995;630 1 198
247007 594 7 833 1295;892;966;396;504;1080;695 33 67
248711 595 4 801 464;1006;871;864 5 760
248903 596 41 889 1213;753;220;1376;1033;1200;1215;709;1051;494;1098;828;940;981;617;1569;813;839;1713;329;1142;271;1007;582;1631;325;954;94;825;1403;600;338;1036;1464;662;396;1131;1030;1104;862;591 3 713
249688 597 3 973 1019;994;905 1 198
249785 598 3 619 520;806;532 3 713
249822 599 2 954 1035;873 1 198
249850 600 5 909 1351;729;740;698;1028 1 198
249893 601 3 1116 1147;942;1259 46 208
250174 602 3 1298 1224;1155;1516 1 198
250576 603 4 717 1099;807;526;437 1 198
250895 604 3 780 872;345;1122 3 713
251107 605 3 995 1265;841;879 36 929
251676 606 1 265 265 1 198
252262 607 8 930 617;785;1361;1109;1723;306;687;854 6 94
252783 608 12 860 429;830;1274;1048;829;1063;764;773;943;939;220;1205 14 2
252825 609 4 646 606;377;998;601 69 769
253151 610 3 993 1073;1458;447 2 362
253596 611 3 714 605;849;687 1 198
254111 612 7 993 1062;1127;767;814;1059;809;1310 3 713
255545 613 5 978 954;1128;834;1193;780 11 112
255624 614 22 1007 836;964;1504;1191;779;1373;168;662;1175;1041;924;401;1520;798;321;1013;1311;1573;894;1172;1399;1127 338 582
262501 615 4 969 787;1106;940;1043 1 198
267097 616 4 414 355;625;175;502 5 760
267640 617 3 930 1097;1363;331 11 112
269084 618 4 1118 1639;1530;669;636 1 198
270916 619 1 164 164 1 198
271357 620 2 1265 1333;1197 34 407
273448 621 1 1199 1199 1 198
274783 622 2 865 793;937 8 588
275110 623 8 981 530;896;863;1339;866;1031;1167;1155 15 399
275489 624 7 868 879;791;1354;899;347;989;816 1 198
276703 625 9 824 885;480;1023;1286;707;376;630;794;1236 1 198
277280 626 2 1434 1226;1641 246 12
277297 627 4 1152 620;1243;1203;1544 35 680
277430 628 2 1122 1007;1238 3 713
277520 629 2 1120 850;1390 36 929
277531 630 6 1096 790;1734;799;940;918;1393 1 198
277807 631 2 1293 1705;881 3 713
277934 632 1 537 537 6 94
277960 633 2 768 875;662 190 906
278134 634 16 925 1624;762;1244;667;546;471;1369;717;1069;1034;892;910;954;688;1190;660 1 198
278354 635 8 826 993;768;773;1359;487;1240;338;654 4 805
278367 636 4 805 985;960;913;363 3 713
278956 637 3 727 548;891;741 1 198
279143 638 3 894 658;926;1097 6 94
279236 639 1 1226 1226 2 362
279411 640 2 956 971;940 3 713
279504 641 1 1533 1533 3 713
279518 642 3 661 653;130;1200 1 198
279669 643 3 796 1011;458;920 4 805
279684 644 4 808 730;1215;207;1078 32 502
279943 645 2 856 1003;710 106 612
280782 646 2 1128 1288;967 1 198
280817 647 9 758 825;416;429;808;1464;882;636;898;466 74 540
281490 648 5 813 1127;493;653;853;938 2 362
281541 649 4 1025 1155;1287;1278;379 3 713
281568 650 3 740 541;957;723 1 198
281667 651 5 1055 1728;1033;555;963;998 3 713
281669 652 4 684 1096;79;1052;507 1 198
281695 653 8 935 838;1144;1143;628;767;1010;727;1226 1 198
281927 654 11 863 465;1186;1384;1002;1528;1034;1282;418;659;254;276 3 713
281978 655 4 899 1204;721;1146;526 30 516
282104 656 3 771 1162;454;698 2 362
282218 657 7 851 634;1365;523;248;827;1472;889 57 530
282332 658 5 1223 1014;1435;1533;1085;1048 33 67
282476 659 2 660 444;876 1 198
282764 660 2 1046 1458;634 1 198
282789 661 3 906 859;1043;817 24 934
282819 662 2 782 309;1256 1 198
283112 663 2 1182 1621;742 14 2
283156 664 2 1045 1037;1053 28 108
283275 665 2 656 364;947 1 198
283307 666 3 750 970;1200;79 291 113
283398 667 3 841 240;1262;1022 1 198
283818 668 2 1382 1355;1408 1 198
283982 669 1 341 341 1 198
283990 670 2 745 887;603 1 198
284003 671 2 1193 1179;1207 6 94
284076 672 2 1162 1381;942 6 94
284196 673 6 1032 1226;510;769;1065;1271;1349 1 198
284218 674 3 1205 517;1574;1524 28 108
284319 675 3 1171 1288;984;1242 1 198
284359 676 2 970 999;942 6 94
284799 677 5 1112 371;1636;738;1477;1340 2 362
284863 678 2 546 521;570 3 713
284869 679 23 829 1366;1078;968;983;1139;913;316;595;1065;863;911;493;725;568;962;868;223;1126;983;542;1037;637;700 1 198
284893 680 2 1170 1395;944 3 713
284998 681 3 612 416;1146;274 12 578
285226 682 4 864 766;1022;864;806 1 198
285527 683 5 1053 966;93;1059;1628;1517 8 588
285860 684 2 844 1046;642 1 198
286149 685 5 814 880;1079;270;763;1078 3 713
286226 686 8 826 575;544;588;1147;819;787;656;1496 158 658
286377 687 3 1175 1336;1157;1031 1 198
286675 688 10 907 1071;897;670;661;1401;1265;1188;209;705;1001 225 194
286950 689 4 954 827;1409;776;806 2 362
287066 690 1 588 588 81 231
287101 691 3 753 1120;544;594 3 713
287348 692 13 1136 1602;666;934;1230;1201;1378;518;1147;1331;1535;840;1415;974 1 198
287700 693 2 856 536;1176 26 317
287806 694 2 1330 1353;1307 149 238
287918 695 5 434 362;127;372;659;651 2 362
287950 696 5 839 905;1151;103;875;1159 24 934
287965 697 2 395 292;498 13 116
288013 698 2 624 633;616 8 588
288056 699 3 894 1244;867;571 20 767
288090 700 6 777 738;813;482;661;830;1140 182 312
288576 701 8 1010 1215;1005;1339;724;702;903;1564;626 64 595
288591 702 3 832 1203;536;758 1 198
288625 703 2 1021 937;1105 2 362
288669 704 22 884 873;1336;278;1099;775;1083;408;842;871;1289;1218;688;717;1528;1350;463;558;347;1162;294;1111;1154 72 455
288798 705 2 670 662;678 35 680
289052 706 2 1134 1025;1244 2 362
289473 707 2 979 489;1469 5 760
289495 708 8 808 1326;490;1510;212;270;1365;933;357 29 608
289638 709 3 939 776;1586;455 29 608
289692 710 15 888 332;870;609;1078;629;1143;984;654;609;1060;980;1353;1097;940;981 9 339
289771 711 5 901 1122;592;971;855;965 1 198
289792 712 2 602 858;347 17 812
289844 713 47 965 809;1054;1106;527;900;1617;914;1477;1017;1020;869;1225;1713;777;1233;864;1068;627;254;914;1018;1390;661;321;1308;923;877;875;1647;782;1059;693;1101;241;1020;506;989;232;1395;978;1508;597;1663;1283;1004;374;907 26 317
289932 714 3 799 557;1498;343 7 501
289983 715 16 959 116;1385;907;443;1072;1219;547;1103;859;1291;891;827;1456;1301;630;1298 58 270
290186 716 2 986 841;1130 11 112
290280 717 2 1226 1350;1101 2 362
290352 718 4 921 1208;593;482;1402 1 198
290365 719 4 820 464;1671;318;829 1 198
290702 720 11 914 842;519;1119;379;1582;914;1287;512;807;548;1541 2 362
290819 721 3 1008 1291;1030;704 144 834
291205 722 7 1020 1215;1446;1256;448;1096;1144;535 1 198
291266 723 3 541 959;394;271 14 2
291483 724 2 1068 427;1708 8 588
291866 725 3 350 188;205;656 1 198
291906 726 1 1121 1121 11 112
291910 727 4 908 671;1082;1169;711 1 198
292030 728 3 997 564;1419;1007 1 198
292047 729 2 836 746;926 13 116
292435 730 2 966 1258;673 139 781
292742 731 3 1040 979;942;1199 74 540
293439 732 10 1002 1409;750;1255;1033;827;620;1035;1466;1384;239 1 198
294514 733 9 1115 923;1439;1010;1023;1171;1422;1608;700;740 1 198
294588 734 2 866 869;862 1 198
294673 735 1 1004 1004 2 362
294822 736 8 943 1403;85;1394;362;1356;724;862;1358 1 198
294959 737 2 480 757;204 1 198
294988 738 1 963 963 10 320
295013 739 3 1402 1626;1264;1316 237 191
295067 740 3 1228 1224;1566;893 2 362
295069 741 1 73 73 1 198
295141 742 33 788 1123;1191;554;508;420;634;1596;770;727;1334;977;1329;1112;748;508;1040;828;1350;611;628;889;444;574;687;867;1057;173;183;703;1077;385;643;337 54 76
296347 743 5 642 491;502;1180;336;702 4 805
296394 744 2 1178 1406;950 2 362
296402 745 2 810 305;1314 2 362
296412 746 4 672 643;472;295;1278 3 713
296521 747 10 1050 986;455;1627;606;1106;1449;667;1064;1410;1130 1 198
296656 748 5 1111 1389;342;1233;1734;856 7 501
297109 749 2 884 789;979 1 198
297533 750 10 990 1395;843;1125;410;873;988;1125;917;993;1236 6 94
297543 751 6 952 1523;562;1270;835;769;751 8 588
297582 752 9 1015 1696;1285;927;512;523;1008;619;885;1679 1 198
297659 753 22 946 354;724;1339;1249;1506;855;983;1193;1542;719;1199;1214;792;985;401;899;952;841;918;384;1139;626 8 588
297739 754 18 710 896;712;994;1062;1092;433;487;932;333;1173;347;509;478;1036;478;585;417;808 1 198
297744 755 6 1074 1174;1391;1260;983;827;807 2 362
297851 756 2 987 1111;863 1 198
298080 757 3 1247 1483;1710;547 2 362
298264 758 6 978 461;1566;716;924;489;1715 48 810
298739 759 12 1264 1097;1342;1423;1483;717;1339;665;1223;1697;1586;1296;1301 17 812
299241 760 3 872 310;860;1445 1 198
299258 761 6 1012 866;1687;622;1062;760;1077 2 362
299820 762 2 778 1375;182 34 407
299840 763 1 889 889 1 198
299857 764 4 771 937;463;1057;628 11 112
299924 765 8 1002 1168;447;1726;1200;847;260;1152;1215 8 588
300007 766 14 976 1385;1549;1318;450;1078;1293;1391;1159;645;1312;426;953;425;286 1 198
300031 767 5 807 643;842;511;1348;689 16 606
303569 768 2 728 276;1180 13 116
303827 769 18 825 803;1181;611;1117;645;1000;537;952;1099;1007;539;674;949;808;917;664;669;670 2 362
303899 770 5 973 1389;752;1565;1010;147 3 713
303919 771 2 654 668;640 5 760
303935 772 4 1102 915;1339;1215;941 107 70
303951 773 1 1137 1137 359 908
304027 774 3 959 943;469;1464 61 41
304093 775 2 879 1176;582 2 362
304131 776 3 1403 899;1633;1676 3 713
304318 777 6 874 1304;155;933;558;1527;770 4 805
304630 778 3 949 876;707;1264 3 713
304641 779 2 900 923;878 1 198
304663 780 5 755 805;1041;439;1106;383 10 320
304672 781 12 843 407;653;456;735;384;504;1511;809;1236;1284;1346;789 12 578
304676 782 3 1145 988;1075;1371 93 868
304788 783 2 1180 977;1383 12 578
305390 784 4 1021 881;989;1148;1065 1 198
305555 785 7 719 1087;799;555;682;523;1125;265 23 86
305623 786 4 1224 1126;1416;1512;843 5 760
305768 787 3 569 253;728;727 215 615
305828 788 2 906 889;922 73 504
305966 789 4 828 1048;510;754;1000 20 767
305985 790 2 886 1212;561 12 578
306439 791 10 966 1474;1176;1167;1230;1314;929;254;960;860;299 1 198
306503 792 7 792 1215;690;908;151;1151;596;833 85 410
306754 793 4 880 669;432;1113;1304 15 399
307149 794 1 827 827 72 455
307188 795 3 776 613;748;966 6 94
307291 796 4 1160 1473;1504;558;1105 6 94
307428 797 9 923 1040;635;550;504;712;1635;723;1712;793 1 198
307441 798 5 1063 734;1599;1124;741;1117 2 362
307514 799 3 760 504;1003;772 4 805
307523 800 15 826 880;628;983;601;1046;1129;1203;282;755;782;608;653;983;1150;705 3 713
307530 801 3 1136 1241;1293;873 4 805
307722 802 6 718 280;758;371;801;1145;956 6 94
307779 803 3 879 753;872;1012 4 805
307936 804 3 1095 607;1408;1271 3 713
308155 805 6 650 230;669;1282;1035;105;582 2 362
308249 806 3 1093 844;1324;1111 4 805
308990 807 1 1209 1209 1 198
309008 808 2 798 501;1094 1 198
309199 809 5 1093 1291;951;929;1147;1147 50 55
309281 810 6 683 268;793;808;1537;75;618 1 198
309358 811 11 1099 1079;1181;1580;1137;1219;1539;827;1113;735;83;1593 14 2
309499 812 2 1012 987;1038 2 362
310122 813 2 1398 1444;1352 8 588
311150 814 3 1130 1223;1669;499 1 198
311153 815 4 697 913;1000;111;765 144 834
311173 816 2 619 183;1055 3 713
313355 817 13 736 919;937;802;799;239;230;576;1145;898;1576;785;561;101 194 666
313457 818 3 770 844;1099;366 17 812
313501 819 4 728 1095;209;963;647 1 198
313506 820 4 1022 1074;818;822;1376 2 362
314514 821 2 1020 859;1181 39 537
316130 822 1 1176 1176 122 356
316266 823 5 731 485;301;817;1269;782 1 198
316282 824 6 1015 411;555;1097;1581;1463;981 1 198
316628 825 3 853 1002;467;1091 24 934
316692 826 3 610 857;198;776 360 473
316764 827 2 514 692;336 11 112
317151 828 3 668 826;832;347 2 362
317357 829 2 1056 810;1301 1 198
317708 830 9 1120 1458;1135;1233;1166;919;876;1162;1224;906 288 173
318459 831 7 934 1518;686;1043;809;483;835;1163 9 339
318552 832 11 957 774;1136;620;1191;1090;680;828;524;1573;1207;902 1 198
318707 833 1 1250 1250 1 198
318735 834 3 981 1096;851;996 5 760
319026 835 3 963 280;930;1678 27 788
319360 836 3 971 1161;511;1242 4 805
319496 837 14 940 1147;987;1381;823;1178;1296;630;271;895;1094;705;1211;765;778 1 198
319803 838 2 877 833;921 2 362
321193 839 3 792 807;345;1223 3 713
321305 840 5 790 969;932;1119;308;620 10 320
321374 841 2 1146 677;1615 6 94
321966 842 4 991 1400;1157;249;1157 7 501
322502 843 2 1151 1312;990 165 587
322578 844 6 773 679;296;1116;743;1195;611 2 362
323096 845 3 785 237;1178;940 1 198
323250 846 4 802 684;726;1008;788 1 198
323442 847 14 1004 393;236;912;1251;1381;1146;1475;672;667;678;1660;1429;1432;728 1 198
323469 848 6 999 322;1246;1173;1035;1322;897 1 198
323529 849 3 1105 1372;1063;879 83 323
323576 850 2 1234 1145;1323 21 598
324418 851 9 747 722;461;764;504;286;594;378;1543;1472 25 972
324860 852 13 974 1229;1078;856;1084;449;1425;1439;1301;687;565;704;1182;663 1 198
324962 853 5 727 794;736;762;621;722 5 760
324991 854 2 680 880;480 2 362
325188 855 3 1390 1599;1719;852 28 108
325244 856 5 1086 399;1379;1404;1253;995 9 339
325412 857 2 758 680;837 6 94
325443 858 3 998 1480;881;632 2 362
325482 859 3 670 86;555;1369 1 198
325562 860 1 313 313 4 805
325732 861 11 908 782;459;759;511;1567;937;1124;1652;643;1052;505 14 2
326192 862 2 1288 939;1638 3 713
326275 863 3 1287 1261;1699;901 2 362
326672 864 8 830 705;621;613;751;887;1247;776;1039 9 339
327437 865 4 900 886;1007;854;852 6 94
327812 866 11 1036 1716;1345;1153;1701;909;325;826;995;603;841;984 30 516
330706 867 7 1069 586;1261;1289;837;1582;795;1133 3 713
332124 868 10 863 1541;758;777;267;1509;237;285;715;1108;1432 1 198
334003 869 5 1056 1625;404;1052;1100;1101 3 713
334048 870 2 978 1314;642 26 317
334661 871 7 865 1273;600;1319;71;771;1252;769 4 805
334742 872 6 786 1649;338;476;975;927;352 1 198
336346 873 3 884 780;1161;710 2 362
338827 874 6 808 1012;830;593;1016;1032;363 25 972
340092 875 8 816 278;964;1694;217;892;1098;325;1061 92 493
342250 876 14 1004 1293;983;140;1372;1513;886;1228;1533;463;1103;1171;387;1043;948 34 407
342929 877 1 1281 1281 1 198
343059 878 2 840 914;765 82 243
344224 879 2 1064 1049;1079 1 198
346183 880 1 1561 1561 2 362
347759 881 6 778 1277;644;775;925;797;250 106 612
349716 882 11 1001 824;1324;570;492;1393;964;713;1413;1616;682;1017 1 198
353539 883 4 898 1188;731;964;708 81 231
357723 884 2 948 729;1168 1 198
358401 885 4 950 1611;918;512;759 1 198
359291 886 2 690 677;702 1 198
360449 887 1 1520 1520 1 198
363000 888 4 931 1308;775;698;943 250 149
363096 889 2 922 923;921 2 362
364754 890 2 1044 1360;729 57 530
365015 891 2 470 761;179 154 546
365413 892 3 563 464;846;378 3 713
365634 893 2 935 1041;829 40 437
365708 894 8 917 689;1061;1672;688;1170;687;616;754 4 805
365715 895 1 845 845 1 198
366046 896 2 688 115;1260 1 198
366441 897 4 1084 791;1719;908;917 1 198
366873 898 5 888 537;1377;1156;1093;277 49 762
366974 899 3 732 1516;306;375 2 362
367743 900 6 1129 1071;1131;1147;831;1352;1241 26 317
367762 901 2 614 1120;107 2 362
367939 902 4 639 107;1319;918;213 3 713
368077 903 5 943 1071;434;972;1374;866 20 767
368253 904 3 774 809;533;979 256 377
368437 905 7 630 412;511;446;612;195;984;1248 316 962
368681 906 2 1036 897;1174 1 198
368970 907 2 854 972;736 1 198
369715 908 3 1175 1558;1448;520 1 198
369784 909 33 838 590;466;1111;1166;317;1015;230;1405;516;1122;583;1371;1182;896;1247;642;315;946;124;797;1553;750;472;535;1471;405;592;806;753;1150;1408;652;1066 1 198
369853 910 2 810 1261;359 12 578
369994 911 12 1001 1389;1128;1421;826;1393;828;175;390;759;1426;1386;888 2 362
370008 912 4 719 782;957;438;698 5 760
370038 913 3 931 1405;502;886 3 713
370082 914 3 668 947;404;653 11 112
370087 915 3 1234 1480;1137;1086 15 399
370094 916 1 1454 1454 20 767
370283 917 13 847 957;1010;473;703;1284;888;892;1582;950;331;335;747;857 1 198
370303 918 2 1386 1645;1128 98 635
370375 919 1 597 597 4 805
370391 920 3 1231 1089;1731;874 8 588
370413 921 2 321 405;237 7 501
370434 922 3 995 194;1571;1219 1 198
370949 923 10 966 263;1002;1293;946;614;1028;733;1246;1695;837 9 339
371898 924 8 930 1498;1061;587;787;409;623;1313;1164 3 713
371913 925 2 198 185;210 6 94
372370 926 1 718 718 2 362
372463 927 2 550 695;404 2 362
372464 928 4 821 946;406;837;1095 1 198
372591 929 20 1042 1396;1329;639;740;1345;596;1486;1131;1056;997;981;727;1601;701;1353;944;1234;1455;394;732 13 116
372843 930 2 532 615;450 1 198
372860 931 3 721 640;1193;331 1 198
373323 932 5 1223 1334;1399;1260;628;1493 2 362
373373 933 2 985 693;1277 2 362
373425 934 2 872 287;1458 271 550
373448 935 5 1161 1400;1204;960;977;1265 3 713
373884 936 32 996 890;1420;670;989;684;1339;1144;187;1718;1172;1259;740;99;642;1316;1283;1457;1624;1125;1471;580;1071;673;924;1420;1320;393;686;1073;963;1101;428 2 362
374193 937 6 1027 604;1284;580;1385;938;1369 1 198
374325 938 3 936 1084;676;1049 108 573
374401 939 8 775 636;143;1661;1266;1240;427;596;232 1 198
374415 940 2 1416 1233;1600 6 94
374438 941 20 854 472;515;1146;1298;1027;1183;470;236;926;1504;91;692;1185;205;1469;1276;743;900;594;1153 5 760
374443 942 4 1073 1262;1171;1215;643 2 362
374515 943 4 1036 1079;860;784;1421 6 94
374526 944 2 726 858;595 1 198
374540 945 8 904 891;1320;574;667;484;853;921;1526 2 362
374562 946 7 804 1089;912;629;199;1098;849;855 1 198
374630 947 4 1293 1296;1232;1198;1446 40 437
374903 948 1 865 865 1 198
374944 949 3 557 77;587;1008 1 198
374953 950 2 1293 1208;1378 1 198
375050 951 4 1098 1377;1684;267;1064 45 875
375142 952 1 137 137 6 94
375220 953 11 981 788;898;1179;858;1153;501;1646;742;1241;781;1008 4 805
375292 954 4 1143 1082;778;1391;1320 3 713
375330 955 7 1057 1112;621;1301;1082;591;1482;1211 1 198
375462 956 2 626 579;673 1 198
375776 957 5 636 1140;397;436;705;503 1 198
375822 958 1 1360 1360 4 805
375847 959 21 852 870;464;301;1648;181;923;1440;1135;1288;1116;282;864;287;1411;492;471;510;857;848;1214;1281 46 208
375865 960 3 985 874;786;1295 2 362
376310 961 3 445 61;988;285 2 362
376597 962 5 858 640;422;1029;835;1366 4 805
376625 963 7 844 1150;885;1053;829;883;679;432 6 94
376629 964 1 1254 1254 2 362
376948 965 9 728 869;454;1322;326;887;1107;451;338;798 1 198
376990 966 1 600 600 39 537
377215 967 4 684 813;359;649;914 34 407
377424 968 2 755 872;638 10 320
377660 969 2 574 826;323 21 598
377891 970 33 1040 1397;652;951;924;1121;1512;1674;1031;1125;266;1095;702;427;1078;1307;436;783;515;1241;1054;833;736;1598;1554;983;1303;1655;708;1554;1048;497;1226;1335 116 435
378049 971 1 1221 1221 74 540
378093 972 2 949 1489;409 2 362
379195 973 4 1268 855;1646;1367;1202 43 210
379197 974 17 774 386;595;435;1518;1078;273;641;856;875;505;937;673;680;667;820;937;1277 2 362
379291 975 9 765 165;984;987;517;516;221;798;1438;1262 1 198
379373 976 8 859 661;427;726;1046;592;1058;1413;946 266 462
379539 977 2 1026 883;1168 6 94
380288 978 5 777 405;401;1667;591;823 51 880
380587 979 2 960 774;1145 1 198
380591 980 3 1016 647;1406;994 127 604
380673 981 5 919 575;484;832;1442;1261 8 588
380689 982 2 590 709;472 2 362
380934 983 6 967 923;1013;534;1393;1002;936 2 362
381017 984 2 1058 1286;831 19 964
381068 985 3 553 71;663;924 3 713
381928 986 6 930 860;427;620;1470;1190;1015 11 112
382018 987 2 690 836;544 1 198
382042 988 2 800 555;1045 6 94
382095 989 3 1199 1596;1192;809 10 320
382116 990 4 936 770;1300;900;774 3 713
382197 991 3 704 520;550;1042 75 519
382208 992 2 880 1056;703 1 198
382394 993 2 1004 1037;970 195 758
382409 994 2 648 1056;240 13 116
382773 995 7 791 375;1337;946;804;974;423;675 1 198
382981 996 11 968 1353;1203;326;1485;1476;634;945;1245;982;836;163 3 713
382998 997 4 582 394;203;488;1242 1 198
382999 998 1 1469 1469 218 157
383007 999 6 1071 994;777;442;1248;1641;1325 93 868
383053 1000 26 1081 1202;1224;1217;1497;856;996;1020;283;1112;1259;1432;474;796;1532;1134;1109;484;1156;1452;1325;1111;1407;1546;345;1357;789 2 362
383062 1001 5 738 1305;485;465;849;586 1 198
383151 1002 4 849 888;1047;740;720 1 198
383162 1003 3 629 938;653;296 13 116
383169 1004 2 1138 1553;724 1 198
383210 1005 11 719 1112;984;911;758;333;398;147;550;583;1075;1054 3 713
383261 1006 4 794 958;1152;741;323 2 362
383345 1007 4 1031 888;1075;1117;1044 1 198
383352 1008 2 637 363;911 186 471
383480 1009 2 809 810;808 1 198
383538 1010 6 816 1327;810;313;1182;918;343 3 713
383570 1011 2 866 1163;568 1 198
383725 1012 8 963 1209;1304;1059;1064;1127;211;1362;369 3 713
383754 1013 40 851 1064;1647;617;736;1012;429;856;1167;722;741;576;725;1241;218;719;1008;431;895;200;716;1374;197;1411;668;1049;682;1403;1127;816;281;1054;1387;818;1074;454;445;1656;384;1304;743 13 116
383757 1014 4 844 1029;507;868;971 235 278
383910 1015 7 949 1355;1174;387;1482;1113;138;996 6 94
384040 1016 2 1045 1585;505 15 399
384077 1017 2 632 750;515 6 94
384384 1018 3 960 563;1012;1306 1 198
384491 1019 3 753 494;1220;546 1 198
384536 1020 4 690 1284;316;606;555 1 198
384543 1021 6 900 1007;703;1188;739;954;810 58 270
384722 1022 2 1066 934;1197 9 339
384910 1023 13 883 1377;275;1261;836;520;1302;1173;328;1147;424;842;1051;939 6 94
385124 1024 2 677 1089;265 6 94
385177 1025 9 1105 1345;1229;1267;891;1307;742;1155;1471;539 2 362
385425 1026 1 991 991 10 320
385481 1027 2 624 343;906 10 320
385698 1028 2 520 589;451 35 680
385719 1029 3 889 794;818;1054 7 501
385823 1030 2 575 592;558 5 760
385837 1031 3 660 855;174;950 1 198
385864 1032 16 902 913;540;1040;1082;1078;76;1071;1329;1420;717;1189;491;543;941;985;1009 4 805
386048 1033 7 996 1124;365;621;1427;1178;1133;1121 1 198
386072 1034 9 1066 937;1413;1454;860;1037;1002;534;1635;718 125 715
386154 1035 3 1231 1302;1177;1214 1 198
386160 1036 5 954 1138;1000;1121;789;722 226 304
386356 1037 2 1246 1083;1410 4 805
386427 1038 4 874 621;235;1128;1514 2 362
386446 1039 1 926 926 2 362
386458 1040 2 766 746;787 3 713
386781 1041 5 1012 812;643;1387;787;1432 2 362
386951 1042 3 1184 1195;1094;1264 71 866
386974 1043 1 779 779 3 713
387029 1044 5 949 730;1296;766;933;1022 10 320
387096 1045 106 942 765;1706;1497;1348;520;1340;224;567;1337;749;1695;1680;655;276;949;1353;1323;518;737;748;1635;597;281;1440;1216;814;1379;513;695;1284;1609;743;674;1218;726;892;370;747;1119;1152;1047;463;885;762;445;102;402;1625;1695;1133;974;973;900;879;893;1118;766;993;234;311;1136;708;1096;617;980;436;412;1047;592;1248;896;1149;394;818;1466;1128;685;994;1259;243;1710;1626;994;1646;1576;807;1006;95;1296;1350;1051;703;686;1316;724;269;628;1654;851;1678;676;1662;522;622;1157;506 4 805
387126 1046 2 774 515;1032 1 198
387188 1047 4 1190 1142;1546;1522;549 13 116
387214 1048 3 793 364;991;1023 9 339
387253 1049 7 1162 1087;1378;1109;1074;801;1163;1522 4 805
387406 1050 4 1000 1562;1305;468;664 38 994
387725 1051 5 932 742;1048;1243;647;981 1 198
387762 1052 12 984 1539;1370;655;1300;1378;215;1115;944;161;911;885;1338 1 198
387780 1053 1 1246 1246 3 713
388467 1054 10 856 1320;1279;709;615;532;1055;1075;225;1160;593 9 339
388729 1055 19 843 557;596;906;1378;1045;1254;992;492;1027;345;948;328;417;608;712;1174;1128;1612;502 24 934
388744 1056 2 1224 1240;1209 1 198
389371 1057 7 909 1068;866;852;443;879;1204;1050 1 198
389679 1058 3 600 819;650;332 3 713
389716 1059 3 1255 1258;1455;1052 11 112
390316 1060 7 947 635;1251;1368;395;834;1372;777 12 578
390335 1061 2 762 445;1079 4 805
390881 1062 1 1145 1145 30 516
390899 1063 2 758 680;836 3 713
390934 1064 3 1093 1053;851;1376 20 767
391097 1065 14 853 1100;1127;565;685;1257;1241;1227;1214;686;812;523;712;186;605 1 198
391237 1066 3 1053 1257;984;917 151 245
391302 1067 1 1106 1106 1 198
391319 1068 2 655 500;810 6 94
391506 1069 2 476 886;65 1 198
391572 1070 3 1110 1232;1241;858 1 198
391756 1071 1 914 914 42 566
391941 1072 7 710 1042;70;573;665;517;1237;865 7 501
391981 1073 11 1085 1395;941;698;1046;1040;994;1711;696;1414;910;1091 6 94
391994 1074 2 1006 1524;488 4 805
391997 1075 2 1010 721;1300 1 198
392286 1076 2 894 1550;238 8 588
392292 1077 2 760 1000;520 1 198
392377 1078 19 896 1722;1557;593;861;899;1270;1496;233;836;845;690;903;899;1007;501;994;391;417;906 3 713
392402 1079 2 1056 1297;815 74 540
392833 1080 14 928 547;1235;433;1607;442;1151;813;768;829;924;1676;873;770;920 27 788
393080 1081 15 914 1228;280;621;1683;611;473;1440;995;900;711;1115;592;1129;1357;581 53 355
394027 1082 3 1010 837;886;1308 1 198
394317 1083 44 842 482;1423;664;607;197;1275;691;69;835;765;1018;831;949;629;747;1319;798;1223;428;649;988;544;1089;402;955;413;1086;434;1264;316;1534;1155;813;490;908;841;630;788;1230;1582;391;1578;595;1422 40 437
394370 1084 5 955 1317;889;797;755;1016 3 713
396016 1085 10 852 1141;597;998;1167;287;532;448;1336;1134;883 3 713
396175 1086 36 847 322;724;599;1144;958;330;517;830;1182;1428;1181;1300;522;796;535;206;531;678;728;623;1398;1100;1390;1245;644;1600;745;645;1005;206;832;956;772;667;830;1319 1 198
396184 1087 1 1490 1490 2 362
396442 1088 12 840 1145;472;946;1114;261;1484;301;1077;1028;654;875;723 3 713
396486 1089 3 1286 1550;1334;973 154 546
396545 1090 6 784 659;856;793;695;430;1271 2 362
396750 1091 7 742 345;1047;1149;940;374;995;347 1 198
396796 1092 8 802 856;650;756;675;964;1190;449;876 1 198
398371 1093 4 1104 942;1019;1080;1374 1 198
398823 1094 1 753 753 1 198
398980 1095 2 1165 1346;984 185 63
399771 1096 2 964 884;1045 34 407
400097 1097 5 713 1163;849;745;536;274 165 587
400119 1098 2 1246 1331;1160 2 362
400321 1099 4 1295 1161;1392;1122;1505 1 198
400432 1100 2 1166 904;1427 17 812
400436 1101 2 894 735;1052 1 198
400533 1102 11 819 936;1173;1087;575;687;1008;676;389;643;916;919 5 760
400843 1103 5 744 787;696;536;792;911 1 198
400891 1104 6 771 564;1098;986;377;916;685 3 713
400921 1105 10 920 1207;353;649;907;1588;1379;379;585;965;1190 1 198
400967 1106 2 916 1317;516 1 198
400990 1107 2 889 488;1290 1 198
401139 1108 3 580 356;231;1153 71 866
401283 1109 2 768 1028;509 4 805
401672 1110 4 1103 1161;1137;813;1302 1 198
401725 1111 5 743 134;1109;1341;617;514 1 198
401730 1112 4 1046 542;752;1513;1379 6 94
401772 1113 8 926 994;1119;1112;880;1387;616;945;355 41 217
401840 1114 29 938 1130;920;726;1382;538;854;425;1089;1471;855;618;1069;246;591;1092;925;1270;467;803;1716;1735;1084;968;1419;971;387;1353;276;821 1 198
401851 1115 2 1291 1276;1306 28 108
402155 1116 3 1149 1102;1094;1250 1 198
402202 1117 4 801 571;583;1679;370 119 289
402951 1118 3 625 819;220;836 1 198
403066 1119 5 785 956;422;166;1544;836 11 112
403105 1120 14 1040 990;1233;1304;662;903;921;975;742;1400;1023;1622;960;882;942 1 198
403328 1121 4 1042 784;1204;918;1262 5 760
403455 1122 5 635 581;236;317;1225;817 3 713
404125 1123 2 1072 618;1525 1 198
404132 1124 5 597 857;129;308;1309;381 6 94
404394 1125 1 510 510 8 588
404473 1126 4 1014 389;1447;859;1360 1 198
404668 1127 3 1030 1539;1343;208 8 588
404719 1128 4 700 414;633;965;787 1 198
405145 1129 6 1260 1328;916;1110;1652;1092;1462 3 713
405205 1130 3 933 1178;589;1031 21 598
405468 1131 12 1073 1354;950;1400;517;981;621;869;1408;1478;596;1247;1456 59 627
405665 1132 1 767 767 1 198
405715 1133 3 413 394;590;255 1 198
405770 1134 12 858 650;938;1303;729;955;305;1165;732;1386;769;516;845 1 198
406492 1135 2 762 517;1007 20 767
406963 1136 3 1094 1574;935;772 196 376
407810 1137 2 1285 1438;1132 12 578
408653 1138 8 1092 1490;1697;861;1005;935;1168;624;957 1 198
408739 1139 2 550 772;327 40 437
408846 1140 7 978 536;1525;1254;800;717;1121;890 8 588
409119 1141 2 1077 1159;995 1 198
410827 1142 3 808 659;945;821 1 198
410988 1143 4 936 729;1136;1153;724 58 270
411026 1144 2 486 171;800 1 198
411108 1145 6 662 303;1115;194;426;1077;854 3 713
411176 1146 2 814 711;916 359 908
411488 1147 3 573 901;587;230 1 198
411558 1148 3 1346 1653;1188;1197 3 713
412181 1149 3 813 1179;588;673 1 198
413256 1150 9 952 1207;1196;585;915;641;1023;780;1537;683 20 767
413586 1151 4 682 85;588;969;1085 1 198
413660 1152 3 1104 976;977;1360 7 501
413667 1153 2 1260 975;1545 8 588
413785 1154 2 782 660;904 1 198
413840 1155 17 888 591;730;662;466;1153;1039;1155;882;888;928;1036;957;1151;745;783;753;1170 1 198
415632 1156 2 857 665;1049 1 198
415821 1157 2 1305 1279;1331 10 320
416020 1158 2 1418 1528;1307 2 362
416595 1159 3 1035 997;886;1223 4 805
416915 1160 2 851 1065;637 10 320
416991 1161 9 734 1157;470;439;1389;903;836;126;502;785 7 501
417207 1162 3 1060 1202;931;1048 32 502
418542 1163 5 999 898;1106;1365;864;762 2 362
418652 1164 3 927 1281;1295;204 1 198
418947 1165 4 1112 726;1203;1365;1156 1 198
419216 1166 3 768 1212;777;314 2 362
420149 1167 4 728 696;690;903;623 1 198
420837 1168 2 1176 1235;1117 73 504
420925 1169 3 578 1062;134;538 31 713
421232 1170 9 1013 1137;1171;822;735;793;1319;1214;508;1414 2 362
421399 1171 6 792 798;1187;630;506;1183;451 162 179
421476 1172 9 1067 879;758;624;810;1713;1183;1507;1028;1099 2 362
421539 1173 5 835 907;996;1119;499;655 22 181
421561 1174 8 894 1260;268;861;1104;784;1261;100;1517 1 198
421889 1175 1 776 776 20 767
422142 1176 2 732 574;890 10 320
422243 1177 2 886 265;1507 1 198
422585 1178 2 840 875;804 1 198
423067 1179 1 811 811 1 198
423186 1180 4 613 609;829;842;173 5 760
423783 1181 20 848 1167;884;685;1201;512;467;612;1064;1440;1373;117;314;746;714;464;1098;619;1031;1124;1318 1 198
426850 1182 1 499 499 7 501
427413 1183 5 559 713;794;601;216;469 8 588
427658 1184 25 801 1071;807;823;295;769;863;1224;896;412;962;1158;1419;757;1166;459;529;588;312;1052;1266;303;1431;485;746;240 30 516
427803 1185 3 886 1168;480;1009 1 198
428477 1186 2 1100 1150;1049 3 713
429098 1187 4 890 1559;735;423;843 7 501
429580 1188 2 980 865;1096 1 198
429988 1189 9 1132 1125;1075;898;1127;1586;1548;585;822;1426 17 812
430085 1190 15 917 1548;796;824;1603;861;1025;767;1473;1272;296;937;910;192;347;904 1 198
432344 1191 2 870 999;740 8 588
433095 1192 3 954 1024;625;1214 12 578
433429 1193 4 652 981;1227;78;320 6 94
433457 1194 2 1135 1352;918 4 805
433751 1195 2 760 874;646 1 198
433795 1196 2 1150 1355;944 14 2
433920 1197 2 863 1352;374 1 198
434172 1198 1 767 767 33 67
434797 1199 12 1035 1116;1242;685;1143;734;1694;156;869;735;1423;1577;1049 6 94
434918 1200 5 837 640;1049;311;1109;1074 8 588
435156 1201 3 813 350;1107;982 2 362
436029 1202 4 566 1108;721;252;184 1 198
436357 1203 7 852 579;1307;317;740;1330;849;843 1 198
437073 1204 3 834 743;1081;679 4 805
437371 1205 1 1112 1112 3 713
437956 1206 4 776 829;869;946;461 4 805
438375 1207 10 742 571;417;707;690;157;648;1096;1376;830;925 2 362
438438 1208 7 1107 756;1050;1184;1005;804;1320;1629 5 760
443330 1209 11 856 678;1044;531;337;787;974;1602;1565;101;1068;731 4 805
445111 1210 11 820 548;1158;114;1143;1053;909;252;361;1448;1095;940 105 635
445278 1211 18 1022 1406;1401;492;1647;434;1393;359;1720;1045;1010;1299;1225;1503;347;890;149;1385;686 1 198
445574 1212 2 1422 1522;1322 34 407
446844 1213 9 781 425;658;917;250;917;395;1401;724;1341 2 362
446971 1214 4 1071 490;1580;733;1481 3 713
451229 1215 2 1581 1593;1569 268 52
451241 1216 3 930 1332;872;587 217 925
451316 1217 4 1094 1302;768;1263;1042 11 112
451324 1218 1 581 581 1 198
451483 1219 56 922 1232;395;1041;1373;1133;1024;1688;537;692;1054;1418;1177;647;1418;824;370;967;808;1159;737;666;1430;1464;630;487;1330;183;954;1028;816;1183;987;976;279;881;789;798;768;932;495;1102;715;982;864;734;827;520;527;1360;1282;1260;354;1219;1241;884;975 5 760
451534 1220 2 718 600;835 1 198
451578 1221 2 857 600;1114 1 198
451646 1222 3 963 801;993;1096 9 339
452257 1223 4 642 465;493;792;819 2 362
452307 1224 4 877 95;640;1578;1195 12 578
452689 1225 8 906 884;1287;487;1553;781;368;878;1012 12 578
453156 1226 5 1127 1172;1400;773;1011;1277 20 767
453278 1227 3 390 217;681;271 1 198
453282 1228 4 894 692;1119;835;930 1 198
453472 1229 9 864 318;764;849;874;427;1618;1085;560;1277 79 69
453524 1230 1 1258 1258 14 2
453668 1231 1 830 830 10 320
453731 1232 5 890 390;396;1277;1245;1141 27 788
453753 1233 5 882 1028;941;1208;821;413 273 77
453840 1234 14 954 1042;1280;1181;383;1223;376;1350;378;1642;864;1657;770;394;819 11 112
453847 1235 2 1316 1030;1603 3 713
453855 1236 2 775 829;721 4 805
453894 1237 2 770 757;782 1 198
453905 1238 5 756 96;632;1268;1289;494 12 578
453909 1239 2 1022 854;1190 41 217
453925 1240 2 1200 1157;1243 9 339
454276 1241 2 702 720;684 2 362
454295 1242 7 634 181;702;1352;525;891;695;89 1 198
454342 1243 6 756 1103;1006;553;917;610;348 1 198
454404 1244 2 642 977;306 2 362
454805 1245 1 153 153 3 713
454848 1246 3 821 498;1078;888 53 355
455016 1247 3 752 940;465;850 4 805
455066 1248 5 539 818;189;222;931;537 6 94
455567 1249 15 553 342;230;674;481;858;693;666;491;685;649;411;239;719;442;718 1 198
455617 1250 20 982 1022;1294;624;1158;1181;538;1560;1210;1255;1102;894;545;1018;1360;1025;171;1632;752;728;567 261 410
455669 1251 5 761 1546;468;693;509;591 1 198
455861 1252 10 1011 1553;521;1106;1026;980;351;879;1153;999;1544 2 362
455872 1253 6 712 1145;288;499;923;387;1029 1 198
455982 1254 3 791 540;766;1066 13 116
456298 1255 5 932 1451;844;457;1094;814 1 198
456483 1256 5 1051 541;1330;1030;1462;891 66 689
456552 1257 3 625 190;693;991 7 501
456757 1258 18 1005 1410;730;1210;937;863;1274;1258;626;1242;699;795;1031;569;1044;1653;955;381;1419 21 598
456846 1259 18 800 1186;973;1021;1347;599;484;959;604;458;1035;991;864;870;477;224;315;1440;546 4 805
456886 1260 6 630 1503;183;634;91;1190;180 10 320
456939 1261 2 1009 888;1130 1 198
456975 1262 4 904 837;720;873;1187 1 198
457000 1263 2 1084 1210;957 2 362
457056 1264 2 730 643;818 95 478
457331 1265 20 743 691;1170;1366;721;731;1306;98;526;348;805;414;1029;584;474;820;895;1039;351;916;569 1 198
457335 1266 6 796 790;1235;169;853;316;1414 11 112
457348 1267 8 1034 263;1692;1336;758;835;859;1132;1395 6 94
457437 1268 4 940 1203;1477;559;522 2 362
458134 1269 4 824 388;1495;957;454 3 713
458142 1270 1 1461 1461 115 89
458212 1271 3 905 1384;1149;182 1 198
458225 1272 3 883 901;813;935 4 805
458268 1273 5 709 223;399;1392;1211;319 5 760
458365 1274 7 892 605;468;1111;683;935;1170;1275 49 762
458417 1275 2 780 496;1065 87 751
458420 1276 1 1163 1163 4 805
458438 1277 5 821 558;1005;538;911;1095 253 246
458817 1278 3 662 965;224;796 2 362
459092 1279 8 1072 613;1149;1044;662;980;1550;1594;982 1 198
459713 1280 3 910 720;1109;901 1 198
459746 1281 7 955 492;1115;1251;625;882;1233;1085 3 713
460103 1282 4 1017 328;1113;1376;1251 1 198
460231 1283 2 1010 800;1220 129 394
460288 1284 4 711 877;331;817;819 1 198
460309 1285 2 898 1143;652 2 362
460329 1286 2 1055 912;1198 1 198
460348 1287 5 1012 1523;779;1018;609;1133 1 198
460528 1288 1 1638 1638 12 578
460625 1289 3 910 1075;519;1136 35 680
460661 1290 5 992 908;1196;1232;613;1010 74 540
460673 1291 2 1242 1064;1420 159 439
460754 1292 2 1194 1283;1104 1 198
460761 1293 4 1004 673;1709;648;985 7 501
460789 1294 5 953 960;861;1154;1089;701 86 370
461023 1295 3 1002 1083;1099;825 11 112
461026 1296 13 788 107;365;340;1565;542;695;568;851;1530;805;1693;599;583 1 198
461214 1297 3 639 208;1056;654 18 213
461863 1298 2 591 175;1007 1 198
462143 1299 4 920 585;1290;1141;665 2 362
462549 1300 3 824 1129;648;696 1 198
462607 1301 8 926 765;871;1538;361;1487;1129;190;1068 10 320
462737 1302 3 578 447;1026;261 53 355
462870 1303 2 1078 958;1197 1 198
462942 1304 3 599 325;442;1030 6 94
462970 1305 3 915 868;237;1641 2 362
462989 1306 3 863 730;1235;624 27 788
463122 1307 2 1196 1084;1308 2 362
463124 1308 4 366 211;804;127;321 56 406
463192 1309 6 751 1543;200;689;936;154;984 18 213
463334 1310 2 946 1273;619 14 2
463453 1311 2 1326 1640;1012 8 588
463491 1312 5 770 1085;574;558;901;733 22 181
463532 1313 6 1020 870;1238;1603;1131;751;527 1 198
463559 1314 3 944 678;808;1346 1 198
463665 1315 3 437 555;632;124 1 198
463739 1316 6 1110 1395;1621;825;933;1040;845 4 805
463767 1317 3 889 173;1113;1380 11 112
464010 1318 2 1027 887;1167 1 198
464177 1319 8 902 594;879;739;1208;1090;1655;378;674 169 556
464215 1320 1 593 593 2 362
464386 1321 37 927 719;480;196;1173;1079;172;982;745;1411;818;653;1021;681;1038;602;1253;1326;458;1364;1588;833;705;1140;1156;1225;1212;1412;729;641;1297;131;1015;1387;911;760;795;1186 1 198
464476 1322 2 1402 1333;1471 1 198
464849 1323 7 1095 1177;1211;1372;782;1212;987;925 1 198
464879 1324 2 1220 956;1484 1 198
465367 1325 3 787 830;385;1146 9 339
465447 1326 4 969 1203;1398;625;651 11 112
465521 1327 1 774 774 27 788
465524 1328 1 1395 1395 52 122
465568 1329 5 568 765;69;1233;438;337 349 533
465583 1330 12 835 288;585;1312;138;474;1059;1609;791;1294;631;1409;427 37 833
465664 1331 5 1180 319;1296;1683;1293;1307 5 760
465676 1332 4 991 576;997;1248;1143 3 713
465695 1333 2 1296 1356;1236 31 713
465778 1334 5 1031 173;1444;850;1207;1482 3 713
465849 1335 1 768 768 1 198
465915 1336 2 1059 782;1336 3 713
466027 1337 6 816 933;914;1039;482;981;548 2 362
466120 1338 8 930 1023;753;1069;1394;784;607;723;1087 224 695
467537 1339 4 1091 1090;1330;885;1058 4 805
467555 1340 5 830 1255;602;1354;834;104 1 198
467669 1341 2 1600 1672;1529 16 606
467911 1342 10 822 492;272;1137;1225;537;1362;936;570;508;1177 15 399
468250 1343 4 961 362;1259;1233;989 3 713
468316 1344 2 618 375;861 1 198
468390 1345 3 977 1583;983;366 53 355
469043 1346 5 1085 1222;1451;565;1012;1173 243 809
469194 1347 10 869 1011;755;534;1151;535;1213;124;1039;1025;1306 26 317
469564 1348 3 920 1343;1001;415 2 362
469715 1349 2 994 263;1726 5 760
469741 1350 3 1049 1080;846;1222 1 198
469875 1351 1 937 937 29 608
470092 1352 2 1313 1105;1521 1 198
470153 1353 1 1073 1073 6 94
470169 1354 25 980 1235;803;1492;660;871;1451;1419;827;89;1322;589;1146;814;1463;680;759;1104;485;1384;1435;1478;584;1379;839;191 16 606
470219 1355 4 838 587;1086;961;719 8 588
470250 1356 3 1098 1615;1179;501 43 210
470512 1357 3 1307 1401;1347;1172 1 198
470645 1358 3 1129 951;1433;1002 10 320
470732 1359 23 968 1291;1025;967;663;1342;255;410;739;928;1549;1111;1074;1229;1492;540;1193;1281;858;1640;372;419;296;1584 7 501
470802 1360 2 890 777;1003 15 399
471135 1361 9 942 1599;1483;593;1303;183;1371;726;552;672 2 362
471287 1362 4 767 876;1067;828;297 1 198
471326 1363 2 620 747;494 2 362
471466 1364 2 592 626;559 1 198
471478 1365 1 996 996 3 713
471509 1366 3 679 993;609;436 1 198
471538 1367 7 825 1288;1030;331;814;1242;743;330 2 362
471654 1368 3 1160 1459;1055;965 1 198
471677 1369 2 592 228;955 1 198
471735 1370 6 850 756;1015;1478;681;677;496 120 525
471761 1371 2 908 750;1066 2 362
471806 1372 5 782 934;187;1655;387;745 1 198
471822 1373 2 1090 1148;1031 4 805
471851 1374 4 1128 1274;794;1006;1437 1 198
471874 1375 18 918 763;880;1367;1016;1006;678;921;762;502;935;842;860;915;1203;609;517;1134;1616 149 238
471976 1376 6 1101 1249;725;1041;1176;1522;895 80 502
472023 1377 3 1181 1060;1361;1123 1 198
472091 1378 5 739 753;126;551;1051;1216 5 760
472274 1379 14 935 1081;793;354;666;1498;401;1291;146;860;1282;965;926;1288;1543 75 519
472371 1380 3 1026 947;1228;902 1 198
472615 1381 2 1084 880;1289 7 501
473898 1382 5 686 526;835;571;781;719 4 805
473906 1383 6 832 453;1338;635;570;958;1037 1 198
474237 1384 2 1028 974;1082 1 198
474302 1385 12 895 1287;95;1022;931;646;955;638;1595;520;823;942;1291 12 578
474356 1386 2 896 584;1209 18 213
474566 1387 4 489 165;491;817;483 1 198
474685 1388 7 840 279;1101;1531;735;924;570;742 2 362
475356 1389 4 1336 1486;1245;1595;1016 4 805
475453 1390 2 860 793;926 1 198
475519 1391 13 876 950;989;1208;697;1377;341;771;92;697;1101;795;1136;1229 126 781
475532 1392 2 784 906;662 2 362
475634 1393 2 816 1299;332 16 606
475658 1394 2 450 188;713 3 713
476495 1395 3 636 285;915;708 6 94
476507 1396 3 902 970;928;807 1 198
476540 1397 3 1220 1031;1299;1329 6 94
476958 1398 2 1388 1473;1302 175 604
477009 1399 3 834 663;966;872 38 994
477196 1400 7 920 556;951;738;1344;935;1238;676 41 217
477523 1401 4 950 1418;450;1098;832 99 13
477684 1402 5 1012 1252;519;649;1439;1199 7 501
477792 1403 3 926 1008;1377;393 2 362
477868 1404 2 1066 1071;1061 13 116
477910 1405 3 975 816;831;1277 2 362
478050 1406 3 713 804;628;706 2 362
478177 1407 2 674 274;1074 3 713
478605 1408 4 1139 617;956;1524;1460 2 362
478644 1409 2 690 247;1132 3 713
478725 1410 2 1044 1688;400 2 362
478820 1411 4 761 1082;585;250;1128 7 501
478903 1412 16 796 726;353;828;1587;602;859;1131;477;1061;773;629;709;1069;612;725;591 12 578
478919 1413 2 758 568;948 1 198
478924 1414 3 1052 759;931;1467 3 713
479044 1415 26 925 1155;284;681;1336;1020;1213;1242;1040;896;1282;338;940;1395;1336;1392;840;72;1062;1253;661;101;923;904;902;687;1094 9 339
479232 1416 3 650 550;941;458 10 320
479316 1417 13 848 263;733;904;633;1370;885;523;1010;786;1110;812;806;1186 4 805
480810 1418 2 1012 979;1044 7 501
481047 1419 2 1154 1025;1282 6 94
481087 1420 5 757 103;1093;529;757;1301 1 198
481200 1421 6 924 682;923;982;1155;659;1144 104 808
481259 1422 12 782 791;722;1057;883;810;618;1058;597;306;730;431;1375 1 198
482927 1423 2 348 476;219 1 198
484375 1424 1 726 726 1 198
484503 1425 3 1002 772;771;1462 11 112
484564 1426 5 1134 1398;1400;790;1317;763 1 198
484760 1427 4 676 500;777;409;1016 1 198
485075 1428 4 786 1045;875;522;702 1 198
485209 1429 5 919 499;1108;564;1668;758 1 198
485468 1430 7 980 1025;913;471;1227;1554;618;1051 6 94
485523 1431 2 627 743;511 1 198
486630 1432 2 648 286;1010 8 588
486677 1433 4 1090 1089;973;1070;1226 5 760
486712 1434 11 1002 1123;1008;1242;585;707;1028;1407;1279;1346;682;610 19 964
486724 1435 1 491 491 26 317
486876 1436 3 790 774;1085;512 1 198
486885 1437 9 942 1042;463;1434;1385;316;1011;548;1497;778 3 713
486943 1438 32 999 530;1537;484;800;760;349;1077;1070;875;823;166;1296;1432;1632;1244;958;1360;1182;919;1579;1397;788;977;596;1434;980;1364;1198;177;1174;1407;415 1 198
486950 1439 8 685 863;865;634;515;1182;555;562;304 25 972
488402 1440 1 685 685 11 112
488436 1441 8 940 1245;1547;1327;719;780;382;474;1048 7 501
489008 1442 3 1008 728;1417;880 1 198
489110 1443 47 895 1304;1109;1478;913;872;436;638;1270;1123;696;742;744;581;903;1532;844;1294;1359;489;1427;723;630;959;1045;817;1330;767;435;903;719;516;424;1121;569;1179;1321;709;540;1599;597;92;434;1265;1214;1314;595;507 1 198
489136 1444 6 750 103;1123;356;922;819;1177 2 362
489208 1445 3 596 141;610;1037 2 362
491107 1446 3 601 575;613;615 2 362
491136 1447 5 750 820;860;506;425;1140 3 713
491150 1448 3 907 437;1404;880 9 339
491355 1449 2 1221 1549;893 2 362
491472 1450 4 1313 1379;1631;1173;1069 4 805
491530 1451 3 1126 1208;901;1269 7 501
491651 1452 6 891 1114;462;419;1651;866;834 1 198
491814 1453 4 682 393;1083;161;1089 15 399
492042 1454 2 536 456;616 8 588
492066 1455 6 997 1324;877;378;675;1210;1516 1 198
492092 1456 3 1124 1346;1107;919 6 94
492187 1457 3 812 704;1137;595 11 112
492324 1458 4 874 1225;973;596;703 15 399
493096 1459 3 930 556;1098;1135 4 805
493505 1460 2 662 747;577 8 588
494544 1461 4 577 517;236;346;1209 2 362
494646 1462 10 1066 916;1183;842;534;823;1018;1337;721;1712;1577 1 198
494734 1463 2 722 885;558 5 760
496735 1464 2 758 410;1105 360 473
496780 1465 3 578 426;762;546 1 198
496851 1466 3 1064 1428;1142;621 115 89
496889 1467 4 1268 894;1698;1030;1449 6 94
497137 1468 3 535 528;949;127 31 713
497559 1469 2 404 259;550 2 362
497905 1470 9 898 277;968;1079;785;629;1278;1585;878;603 5 760
498030 1471 2 932 954;909 6 94
498294 1472 5 1005 1285;1080;984;622;1056 1 198
498410 1473 2 936 858;1014 128 5
498528 1474 2 1148 984;1311 6 94
499442 1475 4 684 938;826;413;558 24 934
499785 1476 6 1018 1553;752;1087;711;786;1216 22 181
499813 1477 3 1157 707;1138;1626 1 198
500116 1478 3 979 862;1180;895 271 550
500225 1479 3 491 997;316;161 3 713
500647 1480 2 707 797;617 2 362
503352 1481 15 826 962;533;556;506;1093;1073;713;1218;851;1079;891;1554;639;371;348 6 94
503927 1482 2 616 126;1106 29 608
504078 1483 2 990 1158;823 1 198
504119 1484 8 952 637;555;1297;843;1050;1407;704;1125 1 198
504690 1485 1 1201 1201 2 362
504856 1486 4 1033 1408;1034;1011;678 61 41
504899 1487 4 766 447;268;1237;1112 9 339
505679 1488 3 1174 1335;479;1707 100 972
506759 1489 2 1105 994;1216 1 198
507068 1490 7 927 766;436;406;1651;1548;888;797 1 198
507268 1491 2 1132 1099;1164 1 198
507435 1492 7 775 1127;656;1051;1105;744;595;149 123 506
507528 1493 2 1333 1469;1197 1 198
507624 1494 19 786 285;700;750;500;861;224;1193;860;1298;496;1570;965;231;994;753;342;1091;735;1087 3 713
509009 1495 10 877 1169;969;313;1275;1390;1030;1352;569;640;63 1 198
510703 1496 5 1017 884;922;1145;1067;1065 60 652
510822 1497 2 1078 1002;1153 18 213
513020 1498 10 690 812;886;693;1066;1369;110;393;1149;232;185 10 320
513708 1499 5 655 880;111;788;1005;489 3 713
514113 1500 2 979 908;1050 66 689
514209 1501 9 832 780;881;1275;703;979;536;1021;680;635 1 198
514716 1502 4 974 673;1394;658;1172 8 588
517056 1503 1 1509 1509 1 198
517445 1504 2 666 962;369 10 320
517953 1505 6 786 1082;1051;650;1085;619;232 1 198
518688 1506 1 1451 1451 1 198
519094 1507 6 820 1652;554;181;927;895;713 1 198
521386 1508 2 948 466;1431 259 885
521629 1509 1 770 770 11 112
522744 1510 3 711 458;347;1327 11 112
523324 1511 2 605 393;817 3 713
523672 1512 18 1029 113;1003;813;1467;368;1400;1090;762;1506;1321;1194;1417;1240;1395;552;935;548;1395 1 198
526249 1513 2 1426 1291;1560 1 198
527118 1514 2 1174 1322;1027 6 94
527521 1515 1 537 537 7 501
527932 1516 19 838 1152;431;991;657;1208;948;1318;791;682;1152;1586;1407;125;85;604;208;1283;600;696 65 813
528538 1517 12 1115 1115;1228;1640;600;1062;1693;1027;1442;590;886;760;1340 13 116
533098 1518 2 1323 1473;1173 29 608
538368 1519 2 1014 582;1446 5 760
538420 1520 2 462 475;450 54 76
538424 1521 1 495 495 4 805
538613 1522 3 1139 1414;916;1088 2 362
540815 1523 3 1091 945;1509;818 12 578
540835 1524 2 1156 660;1653 1 198
540903 1525 2 614 896;332 22 181
540971 1526 4 1203 1202;989;1430;1190 244 708
541130 1527 59 830 801;333;740;667;161;381;799;686;974;837;951;391;912;1123;670;337;736;1054;888;585;1166;1140;1366;433;603;1335;689;611;435;1253;998;1247;430;830;1049;854;902;426;757;881;454;833;1095;1244;1027;844;482;662;541;1088;1311;712;1737;1194;624;837;305;814;1720 10 320
541144 1528 2 1187 1247;1127 1 198
541271 1529 2 623 718;528 64 595
542500 1530 1 856 856 5 760
542541 1531 2 950 1001;900 6 94
542701 1532 2 1078 736;1420 1 198
542740 1533 8 797 326;513;1047;278;902;1156;669;1483 3 713
542776 1534 1 869 869 3 713
542939 1535 7 640 302;198;528;478;1483;787;705 36 929
542973 1536 11 876 947;1009;1248;575;1443;994;725;653;654;768;621 2 362
543012 1537 5 689 783;739;85;672;1166 1 198
543158 1538 4 673 1225;553;495;420 17 812
543373 1539 2 970 1133;806 6 94
543549 1540 15 822 1225;793;1000;623;937;1236;508;293;1096;651;544;1245;1231;682;266 153 910
543728 1541 2 1068 613;1523 18 213
543920 1542 4 734 613;771;236;1317 2 362
543950 1543 4 1005 1049;676;1076;1218 3 713
544019 1544 4 994 1168;802;1385;623 5 760
544026 1545 7 719 823;1266;78;702;393;1260;509 1 198
544370 1546 4 604 709;283;1171;252 1 198
544398 1547 3 1071 1490;919;803 24 934
544538 1548 2 730 408;1052 70 155
544587 1549 2 952 1102;802 1 198
544597 1550 4 972 982;642;949;1315 1 198
544679 1551 3 776 845;660;822 15 399
544927 1552 4 956 486;1481;918;941 3 713
545010 1553 2 1162 1448;875 150 611
545774 1554 3 735 211;1082;911 1 198
545792 1555 5 802 1368;929;364;841;507 1 198
546055 1556 3 1077 985;1368;877 1 198
546068 1557 6 932 422;1068;1673;1220;954;256 7 501
546186 1558 5 1057 983;722;1605;606;1370 6 94
546537 1559 3 836 1019;1341;148 1 198
546588 1560 2 886 129;1643 1 198
546592 1561 2 575 358;792 1 198
546635 1562 4 778 480;1031;615;987 89 608
546694 1563 12 950 1180;467;861;897;1137;434;1152;1050;936;950;1231;1108 2 362
546756 1564 5 660 629;1082;719;433;435 5 760
546777 1565 2 685 641;729 4 805
547778 1566 3 1088 1224;885;1155 13 116
547799 1567 10 799 933;492;781;554;790;523;966;1525;881;544 1 198
547806 1568 5 1141 1624;1251;1242;194;1393 1 198
547939 1569 3 709 1209;194;723 15 399
548009 1570 1 621 621 1 198
548077 1571 1 911 911 1 198
548104 1572 2 974 754;1193 2 362
548153 1573 4 588 982;605;144;621 2 362
548206 1574 6 991 833;876;1165;921;1258;892 4 805
548334 1575 2 878 685;1071 28 108
548349 1576 4 993 555;1030;1075;1312 1 198
548402 1577 1 1384 1384 4 805
548471 1578 4 640 111;514;1112;824 1 198
548511 1579 15 1055 678;930;1172;388;1077;875;1362;1024;1014;542;1664;1122;1334;1466;1175 1 198
548598 1580 2 1202 1291;1114 1 198
548876 1581 5 956 905;423;1042;1357;1051 3 713
548901 1582 5 731 599;702;843;959;551 1 198
548955 1583 3 1024 1475;773;825 8 588
549028 1584 7 892 882;473;763;724;1282;886;1234 2 362
549060 1585 1 751 751 4 805
549147 1586 2 732 546;918 1 198
549424 1587 3 825 489;796;1189 6 94
549577 1588 6 918 859;1605;483;1093;601;870 9 339
549608 1589 2 1219 1019;1419 1 198
549827 1590 4 1016 1042;860;1209;953 59 627
549905 1591 8 699 558;626;855;728;487;1458;387;496 263 553
549954 1592 3 924 939;889;943 1 198
550021 1593 12 1085 993;562;961;1235;1465;1230;1286;1165;1005;884;1091;1148 4 805
550055 1594 5 905 795;1010;716;1249;753 14 2
550067 1595 2 874 346;1401 92 493
550087 1596 3 571 380;733;601 23 86
550278 1597 3 799 295;1129;974 2 362
550375 1598 4 803 968;501;432;1311 339 156
550423 1599 3 1050 950;549;1651 20 767
550490 1600 3 1108 826;890;1607 27 788
551519 1601 3 1051 1494;1100;558 1 198
551558 1602 3 917 665;1099;986 2 362
551581 1603 6 714 428;254;1004;1075;793;733 92 493
551669 1604 3 1049 942;471;1734 208 565
551711 1605 3 918 1347;977;429 150 611
551890 1606 3 867 756;1242;603 4 805
552848 1607 3 873 1292;191;1136 1 198
552904 1608 13 758 701;737;242;750;483;434;991;1311;396;1085;703;894;1128 4 805
554374 1609 2 1104 1249;960 1 198
554422 1610 9 935 810;769;1094;1130;188;1297;1305;1111;711 1 198
554530 1611 1 1607 1607 2 362
554563 1612 9 750 818;467;1059;115;915;797;1197;819;560 1 198
554652 1613 2 756 647;866 45 875
554722 1614 7 870 359;803;213;1178;1253;1360;925 2 362
554952 1615 2 1006 1224;789 3 713
554996 1616 3 645 409;621;906 5 760
555248 1617 8 709 377;1126;639;1020;469;1065;451;522 35 680
555325 1618 4 1124 1429;614;1029;1424 9 339
555650 1619 3 887 818;1104;740 5 760
556265 1620 5 961 712;827;876;1615;777 4 805
556853 1621 13 838 940;820;1479;305;747;479;575;1018;1078;1123;633;904;797 3 713
556915 1622 4 634 930;649;395;563 2 362
556978 1623 2 904 770;1037 42 566
557132 1624 2 865 1142;588 1 198
557179 1625 4 673 764;316;618;993 1 198
557364 1626 2 546 622;471 1 198
557433 1627 3 1108 1280;938;1105 1 198
557443 1628 2 586 312;859 107 70
557463 1629 3 747 426;898;918 59 627
557535 1630 2 1302 1006;1597 1 198
557575 1631 3 1049 1667;1270;210 2 362
558065 1632 3 739 1077;229;911 1 198
558648 1633 2 1413 1641;1185 1 198
559145 1634 2 724 549;900 271 550
559433 1635 11 658 1217;769;261;487;974;884;284;134;1022;397;808 1 198
559549 1636 1 1193 1193 20 767
559580 1637 6 680 351;1098;739;1156;557;182 4 805
559697 1638 1 1594 1594 1 198
559761 1639 2 978 842;1113 4 805
559999 1640 16 787 388;598;806;1108;1077;959;1476;524;451;820;126;772;231;1308;823;1129 61 41
560023 1641 15 836 485;1232;1245;1179;1236;1473;1676;188;524;502;219;282;939;323;1040 131 235
560185 1642 1 1144 1144 241 108
560727 1643 1 334 334 2 362
561373 1644 5 326 211;108;516;625;169 18 213
561422 1645 1 1364 1364 1 198
561766 1646 3 827 1202;808;471 4 805
561847 1647 2 862 571;1153 1 198
561914 1648 4 1023 1023;1178;462;1430 1 198
562254 1649 2 784 362;1206 4 805
562272 1650 2 1098 1639;556 1 198
562547 1651 4 811 1097;1205;348;593 8 588
563080 1652 4 1076 941;910;980;1473 211 120
563087 1653 5 902 802;835;1086;966;820 3 713
563138 1654 5 790 620;942;1145;536;705 1 198
563263 1655 6 1224 1478;403;953;1684;1249;1577 1 198
563305 1656 2 1289 1353;1225 3 713
563309 1657 4 1193 1160;848;1375;1389 1 198
563479 1658 2 604 711;498 7 501
563703 1659 2 1260 1247;1274 4 805
563790 1660 6 865 481;896;1662;1112;311;729 151 245
563805 1661 5 1041 1303;1036;995;846;1027 1 198
563858 1662 3 763 644;1555;91 2 362
563973 1663 2 962 831;1094 3 713
564192 1664 6 645 285;597;530;720;631;1109 27 788
564230 1665 2 740 930;549 1 198
565003 1666 6 975 272;1311;1279;1178;914;897 5 760
565035 1667 12 879 534;1407;400;615;1001;668;1051;1189;607;869;863;1342 4 805
565137 1668 2 590 927;254 5 760
565145 1669 3 1015 855;1288;903 1 198
565168 1670 10 804 753;698;1008;676;803;725;249;1297;1052;783 13 116
565696 1671 1 475 475 1 198
565889 1672 2 611 933;289 3 713
566043 1673 4 1216 1045;1313;1229;1275 103 872
566066 1674 10 802 453;1050;650;447;824;1532;1039;807;347;874 3 713
566135 1675 2 788 1480;97 32 502
566168 1676 2 754 829;680 11 112
566798 1677 4 1082 1323;1286;1168;553 25 972
567720 1678 8 902 1361;391;539;600;1042;1220;1128;936 1 198
567799 1679 12 1013 1211;432;1308;857;842;1121;700;690;1389;844;1243;1522 1 198
567816 1680 2 1188 737;1639 8 588
567956 1681 9 850 451;784;600;846;448;1463;1427;897;734 1 198
568275 1682 1 1626 1626 7 501
568711 1683 11 884 906;566;427;156;1056;715;1405;650;1673;956;1210 2 362
569193 1684 2 1129 1298;960 22 181
569245 1685 1 815 815 2 362
569285 1686 1 496 496 1 198
569928 1687 4 750 539;1086;603;770 210 934
570005 1688 5 877 1335;765;248;1146;892 1 198
570348 1689 10 924 1355;863;1632;818;1128;517;841;736;795;551 7 501
570586 1690 2 1062 946;1178 3 713
570638 1691 2 952 1392;511 4 805
570737 1692 2 847 765;929 1 198
570843 1693 3 764 519;755;1017 189 757
571245 1694 9 775 1017;716;576;256;637;580;417;1545;1228 1 198
571360 1695 2 800 1175;425 1 198
571570 1696 3 1067 1270;1040;892 4 805
571601 1697 4 1070 1353;1297;559;1073 30 516
571998 1698 1 796 796 1 198
572037 1699 12 1014 882;1615;500;896;856;980;887;931;1186;1491;589;1354 1 198
572152 1700 4 842 760;1008;1268;330 96 114
572438 1701 3 640 914;401;605 1 198
572470 1702 23 901 669;940;1281;1271;785;1253;1251;508;1300;420;1281;1632;305;623;454;347;608;1087;1007;1187;615;909;984 2 362
572673 1703 4 1160 1354;882;1411;995 1 198
572698 1704 16 877 1033;793;624;1024;791;994;682;323;610;1037;875;940;1108;1661;1183;356 76 475
573204 1705 2 885 777;993 3 713
573517 1706 2 636 418;855 1 198
573584 1707 2 1319 1336;1302 9 339
573647 1708 4 930 831;830;922;1135 1 198
574093 1709 8 872 324;911;1416;1060;667;871;836;895 188 748
574134 1710 2 1011 1401;621 1 198
574157 1711 2 756 616;895 147 164
574215 1712 5 771 860;1002;1055;438;501 21 598
574672 1713 2 940 951;928 5 760
574718 1714 2 993 1183;803 175 604
574776 1715 2 1320 1050;1591 1 198
574804 1716 2 1076 890;1263 2 362
575056 1717 3 1013 593;1361;1085 9 339
575351 1718 3 645 495;562;879 1 198
575646 1719 2 479 489;469 12 578
576240 1720 5 1168 1540;491;1356;1557;894 13 116
576293 1721 5 805 1224;457;547;872;927 5 760
576458 1722 7 878 1139;373;884;1331;489;987;946 1 198
576508 1723 3 718 847;674;633 1 198
576550 1724 16 980 1416;1005;1596;629;393;827;1455;1204;317;580;796;1184;1065;1221;1086;910 9 339
576614 1725 5 607 566;310;938;782;440 1 198
576779 1726 1 725 725 2 362
576921 1727 3 923 925;1079;764 4 805
576948 1728 1 1510 1510 15 399
577049 1729 2 595 257;933 2 362
577086 1730 4 1198 1501;1114;1477;698 7 501
577438 1731 3 726 758;265;1156 2 362
577618 1732 10 937 805;1177;874;1115;1171;1120;1132;339;393;1248 2 362
577723 1733 4 860 810;860;1287;481 8 588
577756 1734 3 1106 1572;417;1328 22 181
577924 1735 8 947 435;1248;1036;881;896;1076;1062;940 4 805
577933 1736 2 750 694;806 40 437
578188 1737 2 1024 1104;943 1 198
578513 1738 2 704 810;599 2 362
578541 1739 4 841 669;1033;361;1301 7 501
584487 1740 2 807 491;1123 3 713
584539 1741 4 524 126;664;515;789 12 578
584588 1742 8 1100 1114;1107;903;912;868;1049;1153;1694 4 805
584692 1743 1 512 512 144 834
584697 1744 2 1268 1220;1315 71 866
586200 1745 1 744 744 1 198
586637 1746 3 1293 1484;1323;1071 42 566
587261 1747 1 875 875 8 588
587377 1748 2 491 534;448 165 587
587800 1749 3 1097 904;1044;1342 3 713
587857 1750 1 1419 1419 2 362
587902 1751 2 466 723;208 11 112
588019 1752 6 986 1113;1231;565;821;1081;1102 36 929
588027 1753 5 1072 1235;826;1191;1247;860 86 370
592937 1754 4 962 911;1024;1134;781 1 198
593352 1755 4 747 890;507;1089;503 62 509
593356 1756 22 920 973;149;563;1137;1375;814;1353;1547;1302;1729;517;269;792;936;532;790;1310;573;835;545;1333;874 29 608
593452 1757 5 1092 861;785;1499;1088;1226 49 762
593479 1758 8 1080 1422;1198;1699;1306;882;815;249;1071 25 972
593672 1759 9 777 884;422;717;1261;471;937;367;606;1326 1 198
594506 1760 3 1119 1192;1399;765 1 198
594782 1761 5 776 1222;501;1109;517;530 77 214
595022 1762 4 1024 553;879;1008;1656 54 76
595033 1763 2 980 539;1422 4 805
595424 1764 2 1102 1286;917 16 606
595441 1765 2 1113 1292;934 1 198
595456 1766 2 672 525;819 1 198
595601 1767 3 819 1057;606;794 13 116
595657 1768 3 829 301;1193;994 2 362
596932 1769 3 1090 1001;640;1630 3 713
597211 1770 2 1223 1557;889 1 198
597732 1771 4 994 1476;818;687;997 2 362
598143 1772 2 1000 796;1204 5 760
599300 1773 5 943 1189;781;1122;1415;207 107 70
599461 1774 2 886 1157;616 2 362
600210 1775 5 764 1474;163;87;1117;981 1 198
602553 1776 14 950 1141;626;286;1145;1017;1169;349;1232;1102;1597;381;844;1078;1340 1 198
602727 1777 2 940 889;990 1 198
604786 1778 2 600 588;613 2 362
607142 1779 8 864 1137;1330;349;715;982;981;1020;400 15 399
