time jobId jobSize runtime tasks user peer
310 1 80 879 1424;1044;620;317;1164;739;1275;956;1033;1623;1040;355;1131;988;614;826;1453;353;1471;1532;212;426;1559;837;942;941;324;1067;193;343;741;727;297;234;1179;621;556;1660;1215;1734;1141;1033;80;807;522;536;1448;401;1169;347;904;836;728;672;848;362;779;1229;722;975;1341;801;589;1484;1181;715;1300;1397;539;1631;981;1198;801;979;439;663;447;1016;553;994 2 33
776 2 2 692 1277;108 1 47
872 3 2 431 444;418 7 5
5202 4 16 794 1079;770;1007;975;917;664;984;831;1179;1113;820;767;311;283;808;204 1 47
5233 5 3 771 520;827;966 13 2
5308 6 40 832 955;798;621;835;419;1313;522;520;490;1344;1076;299;1434;979;740;1132;1134;1094;876;846;630;486;708;1719;210;877;622;918;522;719;523;1251;683;545;751;1082;1201;1266;1091;64 52 23
5939 7 2 872 1589;155 19 35
8189 8 3 589 871;424;473 5 10
8988 9 8 833 1135;1148;841;534;1068;367;745;826 9 17
11901 10 7 1089 805;522;1425;1418;1220;1302;931 8 5
15193 11 35 894 958;675;1071;569;767;543;466;500;1143;1341;726;1733;811;1101;1342;1019;1563;1371;693;217;951;725;534;497;629;909;1115;729;1000;632;1468;1198;367;754;1157 1 47
31225 12 6 1008 1451;771;1052;1343;148;1284 1 47
31342 13 2 1534 1679;1390 1 47
31529 14 5 946 1677;547;399;1367;742 3 48
31598 15 4 659 511;803;547;775 1 47
31621 16 2 878 730;1027 12 41
31627 17 2 593 779;407 2 33
31756 18 7 1181 1364;1442;1286;1190;1126;1210;647 2 33
32133 19 7 966 1124;993;788;415;1573;1061;807 1 47
32320 20 5 875 720;402;864;1163;1224 14 29
32364 21 4 965 300;650;1709;1200 1 47
32446 22 2 746 1139;353 2 33
32842 23 5 1109 650;1022;1522;1068;1285 4 37
32998 24 2 802 380;1224 3 48
33048 25 2 1022 1311;732 2 33
33135 26 24 954 613;224;1546;653;1252;531;1479;1552;1178;536;276;795;950;1685;744;361;444;1450;1422;1008;1170;1137;794;1105 6 24
33188 27 2 727 566;888 16 48
33417 28 4 1150 1435;1449;910;804 1 47
33709 29 4 698 1075;524;411;783 19 35
34235 30 5 1086 462;1375;538;1478;1577 1 47
34259 31 2 507 651;363 1 47
34376 32 4 631 544;788;932;259 2 33
34393 33 2 1252 1382;1123 3 48
34701 34 3 1172 1144;1385;987 12 41
34715 35 2 1044 487;1600 26 9
35041 36 3 1143 1041;1740;647 42 18
35128 37 14 785 612;1414;1047;1130;319;1349;859;217;782;1075;681;644;200;656 1 47
35340 38 2 522 320;724 1 47
35393 39 2 1160 861;1460 7 5
35559 40 3 1017 1380;455;1216 24 24
35711 41 3 1103 912;1496;900 1 47
35730 42 3 1179 1069;1439;1028 2 33
35930 43 2 913 715;1111 25 4
36011 44 8 1007 1022;619;1486;891;1348;718;583;1392 11 11
36865 45 4 1050 725;1217;1123;1137 167 18
36958 46 6 919 854;1078;1661;519;571;830 1 47
36974 47 4 842 832;1146;649;741 4 37
37308 48 3 1120 1370;491;1498 2 33
38543 49 11 984 496;770;754;1273;1716;901;1191;845;636;1298;940 44 21
38689 50 2 735 748;722 1 47
38726 51 1 854 854 1 47
38744 52 7 896 523;1173;687;699;1537;956;694 38 40
38794 53 3 716 998;817;332 17 25
38925 54 2 1362 1207;1516 1 47
38952 55 4 779 1018;132;825;1141 32 7
39189 56 4 688 410;907;240;1193 3 48
39240 57 2 662 750;573 1 47
39279 58 7 1073 523;605;1149;1702;1184;778;1570 1 47
39312 59 6 1112 1004;1634;712;1440;1129;755 3 48
39848 60 9 1022 1132;717;1302;839;806;1286;1679;743;694 1 47
40013 61 8 619 725;1196;253;540;1111;304;75;748 98 27
40138 62 5 1058 748;855;1055;1541;1089 9 17
40202 63 4 967 1279;912;768;910 7 5
40306 64 4 1001 1056;305;1529;1115 149 8
40433 65 5 696 1037;1281;463;338;363 66 24
40506 66 1 1085 1085 1 47
40646 67 2 1052 1436;669 3 48
40702 68 1 1180 1180 99 35
40851 69 2 1157 1060;1254 2 33
40986 70 4 715 759;367;770;965 1 47
41458 71 6 924 926;408;615;1356;1243;999 8 5
41484 72 1 857 857 1 47
44025 73 3 854 746;827;989 4 37
44555 74 22 874 844;903;294;1301;782;685;759;846;1091;1123;916;1178;1142;705;816;578;1122;1292;1307;509;450;588 11 11
44911 75 2 731 763;699 40 26
44951 76 3 1172 1207;974;1336 1 47
44997 77 8 1094 1444;1711;390;782;1348;1227;822;1032 4 37
45246 78 9 839 367;1259;874;1179;891;372;634;952;1023 1 47
45319 79 8 1042 1024;1214;1180;1158;619;891;1208;1046 2 33
45344 80 2 866 992;741 1 47
45378 81 1 1117 1117 11 11
46068 82 4 1273 1521;1734;1132;706 1 47
46152 83 5 1051 1044;1672;658;842;1038 1 47
46172 84 2 571 503;639 5 10
46201 85 7 779 1252;575;515;1659;817;168;470 1 47
46310 86 3 803 906;1020;484 2 33
46361 87 3 857 668;951;952 15 5
46408 88 1 1268 1268 4 37
46505 89 8 879 1153;1065;752;993;969;1361;365;372 251 29
46566 90 3 656 936;953;80 2 33
46787 91 11 1113 1286;1154;1350;562;1165;755;1169;897;900;1735;1272 82 44
47192 92 8 709 1005;956;1192;280;809;642;235;556 1 47
47198 93 6 745 791;1417;476;246;746;795 2 33
47229 94 16 890 1270;765;1096;1023;560;1631;873;737;241;368;130;1000;1103;1136;1230;1074 1 47
47839 95 3 973 1244;1033;641 97 21
48052 96 15 944 1123;1304;506;714;886;1135;1159;1130;238;1010;1056;1077;1163;705;952 213 48
48162 97 3 1093 1406;936;938 2 33
48450 98 7 947 926;885;841;1320;1040;751;868 9 17
48515 99 3 1021 1078;621;1363 5 10
48773 100 1 255 255 8 5
49021 101 5 728 771;283;947;738;899 2 33
49315 102 2 1184 675;1692 2 33
49337 103 3 656 870;838;259 4 37
49425 104 2 922 780;1064 1 47
49552 105 5 792 1011;758;610;414;1165 11 11
49822 106 3 661 572;517;893 9 17
49909 107 2 691 1089;293 1 47
49962 108 3 1021 1108;678;1276 1 47
50913 109 2 742 286;1197 20 14
51474 110 3 917 407;1016;1327 6 24
51885 111 2 929 1394;464 5 10
52586 112 3 619 1077;407;373 2 33
53427 113 1 1247 1247 1 47
53456 114 3 914 1239;611;891 9 17
53918 115 25 890 1276;1058;1169;933;796;639;361;1519;326;1466;240;739;919;501;1032;1151;1014;1101;885;933;201;1626;754;1075;524 1 47
54141 116 1 491 491 6 24
54169 117 2 330 446;214 4 37
54190 118 4 1022 899;1056;744;1388 3 48
54321 119 8 1152 1713;1059;741;1324;727;1512;1190;948 1 47
57574 120 2 924 204;1644 199 33
57635 121 1 1641 1641 2 33
57781 122 2 596 266;925 14 29
57785 123 3 845 505;1088;943 2 33
57810 124 3 659 568;971;437 2 33
57904 125 38 926 597;677;1007;158;847;583;706;1077;946;929;740;1496;1383;1257;1084;1231;112;1376;859;665;1334;705;907;999;710;527;518;727;1218;1126;1285;651;1167;1544;1393;1040;1081;529 1 47
58071 126 1 1180 1180 1 47
59016 127 1 1121 1121 1 47
59237 128 4 823 164;1289;922;916 1 47
59291 129 1 1371 1371 128 21
59408 130 8 886 709;1301;306;851;1061;977;1014;871 3 48
59526 131 4 1324 1716;1039;1168;1373 12 41
59681 132 1 1111 1111 1 47
59702 133 4 1261 765;1367;1543;1368 42 18
59783 134 2 618 691;546 11 11
59849 135 4 851 914;881;1216;393 6 24
59864 136 2 586 976;196 2 33
60137 137 11 764 671;893;649;1148;677;1062;946;183;1011;438;729 1 47
60299 138 10 945 688;929;262;758;1358;1147;1058;856;823;1567 21 14
60355 139 2 600 416;784 1 47
60582 140 4 773 590;764;1244;493 7 5
60632 141 2 1037 1020;1054 3 48
60651 142 2 913 1058;768 3 48
60666 143 2 434 670;198 6 24
60779 144 3 1256 1191;1497;1080 1 47
60859 145 4 694 541;559;871;807 35 41
61152 146 2 561 574;548 2 33
61237 147 7 756 821;838;720;453;905;870;688 1 47
61262 148 2 1124 1249;999 3 48
61948 149 4 930 899;1381;557;882 4 37
62501 150 19 944 344;1025;1188;1084;1233;1304;1185;687;534;436;1228;1094;1109;1237;811;476;1055;611;1301 15 5
62532 151 4 1506 1719;1333;1402;1572 3 48
62974 152 4 1069 686;1598;645;1346 46 36
63019 153 2 841 1142;540 29 3
63166 154 9 775 654;727;1091;287;874;1411;700;384;847 15 5
63488 155 2 602 501;703 1 47
63540 156 7 854 1336;506;620;579;937;1378;624 20 14
63814 157 3 1045 1111;765;1258 1 47
64112 158 4 700 553;870;688;691 1 47
64170 159 2 640 1059;220 74 36
64985 160 8 1078 1618;824;1469;1539;839;1219;129;991 13 2
65035 161 8 949 1389;488;558;1691;117;1118;1173;1059 1 47
66068 162 3 1262 1361;1413;1013 2 33
66088 163 5 737 940;447;669;927;703 7 5
66142 164 7 715 765;753;1401;461;823;678;123 2 33
66185 165 13 1018 583;1309;1291;1340;968;1133;1489;1176;881;640;681;909;828 8 5
66245 166 3 676 233;860;934 25 4
70297 167 2 892 966;819 30 10
70765 168 3 807 313;412;1695 6 24
71037 169 6 942 807;1216;1031;288;1529;782 17 25
71191 170 1 780 780 1 47
71444 171 1 1153 1153 2 33
73195 172 3 846 957;356;1225 5 10
73206 173 5 881 799;1116;1088;405;998 17 25
76581 174 2 1251 1514;988 5 10
77437 175 2 1024 754;1293 3 48
77508 176 3 1061 751;1384;1048 4 37
77789 177 4 1027 857;959;953;1338 2 33
78642 178 2 948 652;1245 1 47
79430 179 25 942 864;1023;68;1394;1635;592;331;1020;880;442;1452;1128;1292;1078;1266;1237;792;966;598;668;949;1263;1222;797;597 1 47
81416 180 2 842 446;1238 2 33
84511 181 2 958 1352;565 321 37
84647 182 4 845 547;521;994;1319 1 47
85613 183 2 958 1685;231 1 47
85724 184 7 784 1027;722;969;911;299;741;820 11 11
95552 185 2 1365 1277;1453 2 33
95797 186 2 624 648;601 5 10
96165 187 5 722 420;647;1324;594;623 4 37
101483 188 12 815 1029;795;965;88;901;1477;1174;477;389;904;1111;472 12 41
102611 189 4 759 723;956;325;1033 92 36
102743 190 1 1215 1215 287 18
105771 191 71 905 1324;1566;1521;1119;936;984;966;1397;1069;652;1289;1125;1000;1138;309;1024;1057;936;1168;1122;1641;963;278;629;1172;942;556;881;711;464;1103;894;1336;1288;724;177;989;421;1226;638;960;1178;931;167;699;1211;409;1138;876;381;328;1372;700;1608;930;83;1057;892;681;917;1130;474;1022;904;876;892;226;737;894;1060;776 3 48
105818 192 3 899 1282;783;632 34 14
105927 193 1 1477 1477 1 47
106131 194 3 803 725;1031;652 1 47
106142 195 1 1114 1114 1 47
106235 196 3 909 1411;483;832 3 48
106360 197 2 1256 1411;1101 37 25
106878 198 4 1104 869;1668;517;1362 4 37
107182 199 8 777 634;455;1329;328;812;707;1204;749 1 47
107400 200 4 782 601;1092;674;759 1 47
107528 201 2 934 677;1191 1 47
107563 202 14 942 1214;561;1438;1479;627;1394;690;345;680;525;1260;1346;204;1420 6 24
107566 203 3 754 547;372;1343 2 33
107698 204 1 833 833 2 33
107751 205 6 856 1051;521;986;343;987;1247 22 10
107780 206 3 969 607;796;1505 3 48
107920 207 1 874 874 1 47
108026 208 2 1121 603;1639 7 5
108034 209 12 979 501;1153;548;1282;370;1218;1130;936;1197;1543;1593;279 255 3
108056 210 5 835 1615;272;957;1192;141 1 47
108093 211 5 757 537;604;522;1277;844 1 47
108186 212 1 556 556 14 29
108199 213 2 1096 1042;1150 16 48
108211 214 2 1004 466;1543 1 47
108271 215 1 920 920 1 47
108652 216 5 636 450;718;704;541;769 2 33
108815 217 12 874 1068;1347;651;540;1096;665;1685;255;693;1124;710;654 1 47
109868 218 3 935 947;1119;739 26 9
110041 219 3 1038 977;1090;1047 8 5
110080 220 18 777 771;1107;158;865;1260;283;629;1446;625;751;880;1037;329;1179;968;556;630;513 5 10
110387 221 6 1084 936;1232;423;1199;1621;1096 80 4
110575 222 2 1167 1460;874 49 35
110643 223 3 628 1401;179;304 7 5
110794 224 2 648 1158;138 3 48
110850 225 6 1078 1310;815;995;1300;906;1141 2 33
110915 226 2 1198 1439;957 7 5
110955 227 3 1039 1199;853;1064 176 42
110978 228 7 1037 1733;622;603;406;775;1618;1503 197 36
111123 229 4 926 1011;1563;551;578 3 48
111571 230 3 832 1222;942;332 17 25
111626 231 39 859 1176;325;1297;1219;1048;612;757;1471;637;349;636;1478;607;1130;598;1524;559;300;573;344;679;1026;423;850;1036;754;1017;1093;1338;915;1468;480;753;986;787;1041;402;1204;601 1 47
111669 232 2 1231 930;1532 8 5
111769 233 2 800 827;774 26 9
111838 234 5 1006 1380;770;707;1412;763 1 47
111846 235 2 730 376;1085 3 48
111918 236 2 462 545;378 1 47
111989 237 2 762 990;534 1 47
112235 238 3 1274 1054;1307;1461 1 47
112656 239 2 622 621;623 1 47
112691 240 3 766 621;899;778 1 47
112761 241 12 808 1109;672;969;609;298;1461;1030;68;770;1308;1100;297 1 47
112777 242 3 691 1317;225;532 4 37
112793 243 5 874 865;1064;509;594;1338 69 47
112873 244 5 628 554;1066;747;149;623 96 9
112944 245 3 822 1099;1174;193 1 47
113010 246 5 801 1528;719;257;331;1172 8 5
113015 247 2 648 929;366 15 5
113044 248 3 1322 1317;1212;1436 4 37
113121 249 3 807 1265;567;590 214 5
113124 250 23 899 1396;1273;1002;850;1050;1195;827;1328;447;453;940;910;670;1631;930;458;574;426;1147;365;1146;831;820 135 30
113145 251 1 78 78 1 47
113228 252 11 822 630;1491;697;1082;961;225;977;364;639;594;1378 14 29
113252 253 5 1208 1119;965;1225;1345;1388 1 47
113293 254 16 1039 1242;692;629;1145;877;1268;782;892;1006;1567;1112;1031;1396;384;1317;1279 10 23
113304 255 2 683 656;710 83 18
113320 256 9 909 1224;246;962;1099;812;1296;628;934;983 29 3
113394 257 2 856 638;1073 1 47
113746 258 4 490 498;241;828;393 4 37
115154 259 3 697 894;441;756 174 46
115737 260 2 462 435;488 5 10
115747 261 7 812 936;774;758;572;673;1091;877 1 47
115957 262 2 1284 1035;1533 2 33
115975 263 3 575 634;819;273 359 2
116154 264 5 900 1218;1168;346;811;955 53 45
116224 265 3 714 461;837;843 7 5
116229 266 8 936 229;1208;1388;1178;996;710;1182;594 2 33
116454 267 2 549 585;513 2 33
116996 268 4 662 88;555;1209;795 1 47
117006 269 1 1065 1065 22 10
117547 270 6 747 288;1142;956;699;597;798 26 9
117752 271 13 883 1265;1079;445;895;1586;848;714;778;1405;310;578;944;638 12 41
118329 272 9 968 729;779;560;661;1310;1036;1293;879;1465 42 18
118577 273 8 1091 1534;993;1387;763;522;738;1329;1465 2 33
119032 274 7 851 475;900;604;807;455;1426;1290 4 37
119071 275 4 648 456;632;566;938 1 47
119141 276 2 1145 1217;1073 162 33
119177 277 2 1031 748;1314 2 33
119335 278 1 706 706 114 48
119359 279 1 396 396 1 47
119379 280 3 1052 1556;1359;241 2 33
119418 281 4 850 1018;870;522;992 5 10
120393 282 4 848 771;305;1288;1030 1 47
120411 283 5 1126 1740;955;1292;956;685 1 47
120419 284 2 1301 1163;1439 5 10
120629 285 4 1026 732;923;1268;1181 210 17
120911 286 5 967 1533;1200;567;1414;121 1 47
120955 287 2 1226 873;1578 24 24
121159 288 3 990 348;1013;1610 1 47
121163 289 1 1117 1117 6 24
121216 290 2 860 1028;693 2 33
121869 291 9 746 1244;352;635;489;644;1338;379;450;1184 202 34
121923 292 4 826 951;755;521;1077 12 41
122059 293 2 584 481;688 6 24
122837 294 19 879 520;949;1178;1028;779;1001;1202;278;752;1200;1008;750;699;953;648;1346;1096;667;649 1 47
122935 295 2 812 811;813 2 33
122944 296 4 572 1056;110;195;927 5 10
123043 297 3 1068 1340;752;1112 5 10
123152 298 2 886 617;1154 12 41
123168 299 4 742 957;1356;331;324 37 25
123371 300 3 941 976;1002;845 1 47
123478 301 12 900 645;610;1181;814;1159;1251;1203;756;209;1053;800;1122 1 47
123541 302 5 997 911;818;1149;1235;873 157 20
123620 303 3 828 1429;153;902 2 33
123658 304 5 832 1302;441;391;923;1101 5 10
123792 305 4 1161 624;1405;1207;1408 1 47
124276 306 2 776 711;840 120 44
124324 307 5 798 1168;411;1027;717;669 6 24
124355 308 1 1021 1021 4 37
124578 309 6 966 1128;1110;633;723;1456;747 1 47
124660 310 2 711 795;627 4 37
124689 311 16 912 922;1326;884;733;1249;773;1430;779;535;645;1109;796;1042;1063;656;644 1 47
124733 312 2 1123 1678;568 14 29
124772 313 5 941 1446;1230;124;667;1236 7 5
125111 314 4 983 907;915;1361;749 6 24
125534 315 4 1114 439;1397;1603;1019 2 33
125551 316 5 826 366;1639;995;260;868 2 33
125950 317 3 763 344;863;1083 2 33
125985 318 1 878 878 31 37
126000 319 2 900 623;1176 70 28
126615 320 2 489 188;790 287 18
126800 321 11 690 1326;366;1166;425;873;705;1092;496;570;185;382 6 24
126820 322 1 295 295 1 47
127076 323 3 798 935;1226;232 290 3
127331 324 6 784 527;1367;1233;285;583;709 55 12
127352 325 2 732 492;973 1 47
127566 326 10 764 779;705;335;819;512;1010;991;1154;608;726 8 5
127652 327 4 822 630;735;1169;756 1 47
128830 328 3 904 805;829;1077 37 25
129270 329 4 793 1040;357;1058;718 3 48
129294 330 32 922 774;1601;1512;236;571;1130;836;1340;470;1327;944;606;1262;1081;568;367;1153;802;492;1347;756;1075;71;1330;944;1088;1368;1154;692;1218;699;680 1 47
129498 331 5 1088 1087;1192;937;1391;831 16 48
129919 332 4 808 659;1134;926;515 1 47
129931 333 1 831 831 75 3
130456 334 4 936 544;626;1360;1212 9 17
130577 335 7 895 1238;456;739;1095;1124;581;1035 1 47
130612 336 3 962 1118;1225;543 4 37
130654 337 2 898 217;1580 3 48
130667 338 5 814 985;709;1319;186;870 68 11
130680 339 9 996 1121;434;270;1340;991;1690;757;1473;885 2 33
131267 340 9 1049 1111;768;1328;1171;605;1305;1303;524;1327 1 47
131437 341 2 846 730;962 1 47
131449 342 3 893 931;1239;508 3 48
131520 343 4 1230 1015;1628;1315;961 314 12
131531 344 7 825 498;888;1191;863;755;947;636 3 48
131538 345 6 638 258;706;972;632;697;566 221 7
131643 346 2 1210 914;1506 36 20
132622 347 6 952 1268;975;1095;984;920;469 118 13
132776 348 2 1046 1278;815 329 12
132916 349 7 860 1614;558;421;497;395;1544;993 2 33
132974 350 4 588 912;192;547;702 4 37
133046 351 2 1014 993;1034 8 5
133067 352 4 659 361;864;701;709 1 47
133163 353 3 987 1242;1020;698 1 47
133230 354 4 658 521;551;496;1063 2 33
133259 355 1 336 336 1 47
133388 356 1 1651 1651 17 25
133542 357 2 947 1467;427 6 24
133608 358 1 1266 1266 232 24
133683 359 4 1229 805;1220;1469;1421 1 47
134217 360 2 750 605;894 11 11
134227 361 9 760 625;202;955;1239;766;228;952;277;1596 1 47
135535 362 6 822 333;741;684;1293;978;900 2 33
135572 363 3 618 400;692;763 8 5
135641 364 2 528 326;729 29 3
135792 365 2 718 188;1247 1 47
135812 366 4 1021 1114;1008;538;1423 22 10
135829 367 10 1001 772;1075;257;1613;1121;1261;1119;389;1237;1166 2 33
135852 368 2 798 1085;511 9 17
135867 369 4 697 206;1017;945;621 1 47
135900 370 7 1006 752;758;839;1362;942;1715;674 1 47
136069 371 7 887 422;940;949;1211;1202;813;669 2 33
136597 372 59 888 1098;651;785;782;1391;818;234;785;1535;433;964;609;1310;1187;827;621;992;952;1616;1522;1316;1548;470;891;773;1163;767;684;499;841;396;1545;909;688;917;432;1044;573;890;481;414;998;1171;435;714;520;196;712;1224;1049;913;710;812;1350;757;831;909;1267;1463 191 32
136615 373 20 759 1079;1076;721;1000;621;465;1086;152;797;604;1086;943;590;566;960;697;942;452;955;379 2 33
136719 374 13 1089 1066;879;1222;889;1163;850;1507;468;901;1388;1019;1150;1649 11 11
136787 375 40 953 1044;856;437;685;1409;1673;573;1330;618;518;1246;871;626;1273;421;914;416;672;672;875;636;1220;886;258;895;1667;988;98;1291;1586;1409;1062;869;1239;728;1034;502;1598;1629;1407 4 37
136814 376 5 689 1578;701;118;435;613 4 37
138340 377 2 990 1120;859 96 9
138446 378 2 877 921;833 26 9
138719 379 2 346 434;257 5 10
139318 380 10 991 1147;1108;634;1585;1001;805;1427;764;413;1029 2 33
139487 381 3 1377 1381;1398;1353 101 37
139631 382 2 416 229;602 25 4
139884 383 1 1673 1673 158 14
139946 384 3 673 1426;494;99 10 23
139957 385 3 645 223;891;822 2 33
140302 386 1 570 570 108 24
140323 387 4 1119 948;1360;1204;964 1 47
141626 388 5 1073 1169;659;1179;1086;1274 101 37
144064 389 41 814 1045;407;154;955;242;482;952;845;912;715;1478;718;991;645;729;444;1005;1594;459;432;393;735;1615;233;934;401;668;1253;1684;627;450;617;780;556;889;1164;958;512;1070;1432;1197 16 48
144513 390 1 876 876 247 23
144705 391 3 660 260;814;907 4 37
145387 392 6 898 606;1032;320;1152;914;1365 2 33
145584 393 4 1007 1217;704;1095;1012 3 48
145709 394 2 993 1614;372 15 5
145846 395 8 692 534;1064;910;264;382;843;837;706 1 47
145934 396 2 699 591;807 1 47
147170 397 6 982 1175;1127;1081;942;781;785 39 9
147605 398 1 642 642 1 47
147727 399 4 984 1638;972;293;1033 14 29
147798 400 7 764 641;642;1369;1240;364;506;587 2 33
148087 401 1 990 990 1 47
148129 402 3 1332 1472;933;1592 1 47
148707 403 24 782 1133;605;545;1245;453;733;942;284;974;842;1248;758;619;1168;1146;1253;363;93;1304;746;677;300;716;618 4 37
150545 404 1 908 908 2 33
150783 405 3 1011 1106;479;1449 1 47
150799 406 2 805 663;947 9 17
151029 407 6 645 285;1292;626;335;354;980 8 5
151279 408 4 994 1166;1005;1042;763 8 5
151369 409 4 908 353;641;1555;1081 5 10
151535 410 10 861 880;142;996;1219;908;1024;290;950;1145;1055 5 10
152057 411 5 918 1239;1330;417;1103;501 2 33
153653 412 9 855 846;861;1114;684;1222;869;784;763;550 1 47
153697 413 4 1150 1639;1174;825;961 10 23
153840 414 1 789 789 2 33
154548 415 27 822 700;998;975;410;531;563;1396;1307;359;829;419;827;666;482;1189;580;992;699;1239;235;724;1720;855;628;589;1090;1185 1 47
154684 416 3 1189 1545;929;1093 1 47
154866 417 2 1268 1255;1281 4 37
155411 418 6 913 1093;870;1105;262;1457;692 2 33
155800 419 3 1026 477;1044;1557 1 47
155918 420 3 812 477;1524;434 1 47
156124 421 3 878 1146;908;579 1 47
156285 422 5 559 399;1308;354;205;530 1 47
157502 423 2 881 910;852 30 10
157708 424 10 1064 284;1269;1200;1721;1335;1274;849;1123;417;1165 1 47
157741 425 2 1116 1147;1086 20 14
157995 426 6 1158 1538;403;1202;1190;1088;1528 3 48
158602 427 5 842 875;882;1279;905;270 134 10
158755 428 1 603 603 1 47
159185 429 2 664 1239;90 2 33
159524 430 2 1142 1142;1141 2 33
161419 431 5 1207 1237;1362;1660;734;1044 1 47
162697 432 2 915 1576;254 1 47
162730 433 2 496 331;660 2 33
163084 434 4 660 428;739;242;1231 16 48
165567 435 6 732 272;1017;504;775;870;952 2 33
167286 436 5 769 816;568;941;1061;459 5 10
167786 437 5 1097 1339;890;1693;1120;444 1 47
168820 438 9 1011 1306;1536;655;852;730;1135;1530;467;888 1 47
168835 439 31 874 923;1178;171;1101;1348;748;113;1079;1086;977;858;1319;1533;1379;405;626;975;446;1080;308;615;1158;969;787;782;1442;467;448;586;928;1245 38 40
170581 440 2 715 775;655 8 5
170613 441 4 1181 969;1216;1297;1243 9 17
171386 442 3 1166 1261;1095;1142 32 7
173552 443 7 789 753;1039;414;743;777;200;1600 3 48
175204 444 2 1052 1483;620 24 24
180219 445 3 961 897;494;1491 162 33
182154 446 2 759 426;1092 271 21
186455 447 1 1075 1075 1 47
188225 448 9 970 1089;915;675;784;678;979;1112;1427;1067 1 47
192135 449 3 718 871;1054;228 33 13
192147 450 1 728 728 3 48
192162 451 1 1275 1275 2 33
192314 452 5 796 880;149;1272;251;1426 1 47
192353 453 2 1355 1641;1069 17 25
193207 454 3 1195 780;1406;1399 9 17
193338 455 2 625 339;911 2 33
193349 456 3 669 1069;277;661 1 47
193397 457 4 725 591;1083;565;662 3 48
193596 458 11 915 1032;895;1252;1102;471;641;1534;1122;947;708;358 172 42
193709 459 3 907 654;814;1253 11 11
193765 460 5 940 768;747;626;1503;1057 61 2
194191 461 3 984 819;1013;1120 10 23
194208 462 2 1184 1063;1305 5 10
194345 463 1 241 241 2 33
194361 464 3 1127 1158;750;1473 3 48
194400 465 1 1078 1078 136 32
194636 466 5 780 621;1248;806;282;944 119 3
194689 467 9 781 943;645;587;1276;519;553;1460;555;492 3 48
194823 468 2 1104 1097;1111 1 47
195035 469 3 1142 1360;1521;544 5 10
195069 470 2 780 656;903 1 47
195696 471 7 909 1190;815;437;805;1075;999;1041 1 47
195735 472 1 1292 1292 2 33
195747 473 1 749 749 189 8
195806 474 3 1177 1106;1611;814 1 47
196014 475 3 697 778;327;985 2 33
196051 476 2 838 672;1004 1 47
196163 477 14 730 1404;975;292;547;451;742;1057;841;770;993;1123;332;131;558 2 33
196716 478 6 881 780;89;834;1494;1202;886 9 17
197311 479 1 778 778 1 47
198375 480 13 790 397;112;540;812;599;392;1468;653;387;1151;1063;1413;1289 3 48
198421 481 13 1076 578;1422;1399;1019;556;377;1099;1442;803;1186;1309;1115;1684 25 4
198449 482 1 235 235 35 41
198529 483 9 756 1112;590;1073;505;571;152;755;446;1599 1 47
198630 484 7 1160 924;892;1386;1570;1442;1331;578 4 37
198693 485 2 739 527;951 11 11
198732 486 3 945 1054;1232;548 7 5
198797 487 4 1165 1390;646;1369;1255 3 48
200167 488 2 940 904;976 2 33
200517 489 10 897 608;840;639;613;456;652;1487;1044;1213;1416 2 33
200594 490 1 675 675 22 10
200628 491 3 724 387;979;805 155 12
200880 492 6 663 407;323;928;673;1426;220 29 3
200888 493 4 946 649;1041;716;1379 1 47
201739 494 4 665 216;188;1457;800 15 5
201753 495 8 888 1132;1332;1225;841;960;651;789;178 2 33
201858 496 2 912 709;1115 161 24
201971 497 1 316 316 1 47
201997 498 2 748 769;726 8 5
202042 499 10 924 525;1054;581;1284;712;918;750;502;1316;1602 8 5
202049 500 2 732 1018;446 15 5
202127 501 5 836 888;1659;759;628;247 3 48
202226 502 3 983 1215;837;898 1 47
202251 503 1 561 561 1 47
202294 504 2 1190 903;1478 4 37
202371 505 20 807 1062;1450;1064;1010;315;894;1403;876;119;665;1080;1208;935;596;1166;431;544;298;406;626 10 23
202378 506 4 696 620;513;666;986 2 33
202455 507 2 724 772;675 3 48
202816 508 3 795 719;539;1127 43 8
203020 509 4 956 998;829;686;1312 10 23
203180 510 6 1006 1247;591;1076;1422;1035;663 3 48
203218 511 3 895 1189;823;673 1 47
203298 512 2 1122 1468;775 1 47
203356 513 2 872 420;1325 1 47
203371 514 1 799 799 1 47
203488 515 9 1102 446;745;1603;1604;1251;1394;766;631;1478 1 47
203495 516 1 576 576 2 33
203599 517 2 1060 1061;1060 2 33
203646 518 3 989 895;1055;1018 217 20
203689 519 2 584 460;709 1 47
204042 520 2 840 594;1087 1 47
204081 521 2 698 636;759 246 10
204155 522 5 966 1377;963;504;948;1037 2 33
204346 523 4 1069 1247;613;1542;873 3 48
204417 524 31 966 1203;857;1212;1443;1622;869;678;1516;1264;1561;1020;467;672;1150;755;399;934;658;659;797;1299;740;137;1234;1527;1521;396;983;716;1265;396 1 47
204541 525 2 647 391;903 1 47
204545 526 2 646 280;1011 3 48
204549 527 3 799 1108;924;364 16 48
204652 528 3 588 671;292;800 235 47
205211 529 8 1067 1111;1147;969;1091;1238;708;1617;655 3 48
205262 530 2 1060 895;1225 1 47
205356 531 17 988 1209;1590;1018;990;517;1625;1340;784;1079;893;1345;961;289;305;1655;203;995 192 18
205410 532 3 846 914;806;818 59 8
205486 533 16 986 839;1535;1263;955;704;937;445;677;1349;1206;993;898;950;1464;1202;364 134 10
205490 534 11 951 1132;602;116;618;1621;784;1377;905;1116;1371;818 1 47
205562 535 7 643 660;501;573;1591;155;671;350 14 29
205701 536 4 947 1098;1022;1205;462 1 47
206068 537 1 732 732 1 47
206265 538 1 127 127 3 48
207415 539 2 1204 1346;1063 1 47
207530 540 1 702 702 1 47
207603 541 1 1308 1308 6 24
207618 542 4 1044 600;1488;853;1237 2 33
208083 543 3 766 915;966;418 4 37
208189 544 2 611 482;740 1 47
208216 545 12 919 1077;1469;793;1199;563;1052;683;999;1020;493;1019;657 3 48
208246 546 2 1346 1674;1017 8 5
208282 547 4 878 447;342;1151;1573 2 33
208800 548 29 873 425;692;180;861;1600;617;276;794;1579;963;1594;887;1105;457;619;1006;377;1145;1093;932;621;990;964;528;875;1038;980;794;1312 169 33
208829 549 16 782 396;808;840;1515;377;1187;1123;260;941;968;1113;1103;339;283;521;746 2 33
208836 550 6 905 1119;799;773;1140;737;863 1 47
208892 551 2 1394 1373;1416 1 47
208914 552 2 988 1203;772 19 35
208947 553 2 588 795;382 3 48
208982 554 3 611 947;379;507 269 12
209018 555 2 744 693;794 34 14
209098 556 3 556 919;328;421 32 7
209196 557 2 1118 885;1351 2 33
209209 558 3 1243 1280;1155;1294 1 47
209219 559 5 1181 1245;996;1481;836;1347 10 23
210197 560 18 988 1128;1064;919;702;640;474;1542;789;673;422;749;1308;1296;1310;948;798;1578;1444 4 37
210323 561 4 844 981;871;448;1075 35 41
210475 562 2 718 601;836 6 24
210548 563 3 1231 1713;1042;937 1 47
210681 564 3 889 628;899;1141 4 37
210712 565 12 926 1320;1555;410;746;987;507;599;801;1110;1494;785;798 1 47
210799 566 6 990 1278;1420;1333;489;990;433 90 25
210859 567 3 840 825;1471;224 1 47
210875 568 9 769 970;1377;728;521;1071;655;349;1078;168 15 5
211035 569 10 861 1117;1388;278;1107;744;743;1417;815;720;281 1 47
211118 570 3 802 1264;809;333 5 10
211175 571 3 1022 864;1319;884 3 48
211189 572 2 704 1012;395 18 14
211232 573 7 1027 918;1018;1203;1424;1413;540;671 18 14
211262 574 4 914 534;1076;810;1236 5 10
211313 575 3 777 90;1448;793 1 47
211621 576 4 910 820;174;1254;1394 2 33
211766 577 3 849 1085;1368;93 1 47
211814 578 4 847 397;875;1256;860 10 23
211832 579 10 798 716;875;424;782;227;1072;771;432;1501;1175 4 37
211889 580 8 917 818;923;484;720;816;1592;1467;518 2 33
211905 581 2 974 1163;785 174 46
212081 582 1 625 625 1 47
212084 583 3 1146 913;1010;1515 1 47
212316 584 2 413 446;380 28 15
212364 585 2 798 886;710 13 2
212594 586 2 891 1536;246 94 7
212897 587 4 924 626;1628;284;1160 1 47
212906 588 3 565 668;272;754 34 14
213167 589 6 939 1677;68;1054;1543;510;780 1 47
213381 590 4 1095 919;1017;788;1657 1 47
213392 591 6 804 242;1456;718;700;874;833 5 10
213571 592 3 1055 1111;982;1073 1 47
213581 593 7 672 876;268;722;588;178;718;1355 20 14
213592 594 1 924 924 6 24
213733 595 10 978 1438;1268;517;990;790;1329;775;881;1047;748 3 48
213912 596 3 884 1092;1204;355 2 33
214140 597 10 721 679;446;814;394;533;1169;1077;1119;677;302 8 5
214209 598 8 1082 404;1524;969;942;1415;804;1543;1059 225 43
214254 599 3 861 926;723;933 2 33
214348 600 2 696 1080;311 24 24
214781 601 1 925 925 1 47
214911 602 2 708 704;712 98 27
214966 603 3 947 653;1490;698 3 48
215094 604 4 1068 1512;818;609;1333 1 47
215102 605 2 995 1000;990 29 3
215169 606 2 956 560;1351 4 37
215173 607 2 954 780;1129 1 47
215779 608 1 413 413 13 2
217066 609 4 804 897;991;874;454 1 47
217155 610 13 1050 1074;1007;1191;998;1378;1358;1473;179;379;1011;912;1634;1061 5 10
217672 611 4 899 1633;520;265;1178 48 18
217730 612 3 630 420;669;800 1 47
217937 613 2 988 761;1215 6 24
218050 614 7 1043 964;1272;1019;1520;1035;421;1072 10 23
218295 615 3 740 1095;364;761 21 14
218342 616 3 936 1177;452;1180 331 22
218363 617 2 989 1342;636 10 23
218378 618 2 995 455;1535 3 48
218439 619 2 944 989;899 6 24
218464 620 6 769 538;1061;757;1106;663;487 44 21
218561 621 2 506 204;809 70 28
218749 622 4 857 1029;550;1138;711 339 25
218923 623 4 1076 726;1044;1139;1397 2 33
219020 624 1 1330 1330 1 47
219084 625 4 814 614;405;982;1253 1 47
219091 626 2 1481 1341;1621 1 47
219311 627 1 978 978 5 10
219778 628 5 921 1085;792;1086;329;1314 54 38
219792 629 3 987 1165;1282;515 6 24
219904 630 3 795 760;582;1042 1 47
220277 631 11 767 732;564;852;724;648;1010;718;1101;700;519;872 15 5
220419 632 2 612 452;772 18 14
220533 633 3 658 534;408;1033 6 24
220683 634 2 988 1038;937 7 5
221308 635 2 1030 1274;787 155 12
221348 636 3 1315 1585;1153;1206 1 47
221383 637 2 864 942;786 1 47
223264 638 4 730 483;1093;839;507 1 47
223409 639 7 1079 659;1232;1175;1191;1250;1176;869 13 2
223436 640 2 1106 644;1569 44 21
223617 641 1 670 670 110 18
224182 642 8 825 374;856;924;917;731;1163;673;964 1 47
224464 643 4 986 1189;895;1125;736 52 23
224576 644 3 673 408;1106;504 45 2
224961 645 2 1209 1618;800 1 47
225043 646 8 705 815;545;1358;871;791;428;627;207 2 33
225060 647 2 498 760;235 4 37
225294 648 4 990 1326;881;459;1296 13 2
225421 649 4 785 483;872;1059;725 2 33
225446 650 2 776 792;759 2 33
225475 651 1 772 772 1 47
225542 652 1 1217 1217 1 47
225569 653 5 576 631;453;624;417;753 1 47
225669 654 3 1002 874;846;1286 49 35
225778 655 9 826 904;867;868;1270;541;472;1020;1228;265 7 5
225835 656 6 912 1272;902;740;1247;669;642 3 48
225930 657 2 1337 1523;1151 5 10
226064 658 1 680 680 1 47
226299 659 4 1102 1638;1059;606;1103 340 29
226351 660 2 586 535;636 2 33
226417 661 5 989 1052;1233;646;435;1581 4 37
226455 662 1 864 864 3 48
226609 663 7 903 1288;387;880;1147;857;996;765 84 13
226698 664 2 1318 1398;1239 2 33
226773 665 4 584 781;755;394;407 7 5
227069 666 4 688 436;1170;754;393 1 47
227113 667 11 913 800;1125;818;1045;771;303;1058;1049;1191;1449;431 8 5
228210 668 2 1254 1053;1456 1 47
228228 669 2 328 392;263 1 47
228337 670 29 969 851;197;1171;458;692;763;1574;1458;1280;1007;103;1430;475;910;1113;768;1386;1406;1115;972;543;1068;273;1718;605;839;1463;1342;1115 2 33
229441 671 8 548 339;813;1423;438;492;618;173;92 1 47
229533 672 2 728 281;1175 1 47
229795 673 2 845 1069;621 33 13
229809 674 3 1109 1558;1263;507 1 47
229996 675 2 705 381;1029 2 33
230207 676 2 1117 781;1453 27 27
230291 677 7 1019 1319;1127;905;542;1166;906;1170 1 47
230567 678 13 974 860;1294;1023;306;656;1147;522;1127;749;1647;777;1580;973 11 11
231110 679 3 671 660;879;473 4 37
231135 680 2 1311 1078;1544 1 47
231819 681 3 951 856;1076;920 1 47
231910 682 11 998 341;1118;1326;1200;134;772;1129;1632;1206;898;1219 3 48
233068 683 4 898 749;139;1363;1341 1 47
233096 684 3 688 604;379;1080 20 14
233137 685 2 1133 992;1274 5 10
233148 686 16 933 1060;996;624;1597;880;821;783;1245;216;349;747;1560;1237;706;924;1182 30 10
233338 687 6 853 889;583;736;350;1349;1211 211 2
233908 688 2 1341 1331;1351 121 32
234040 689 2 1126 1425;827 2 33
234088 690 7 628 931;1523;315;697;261;502;167 1 47
234111 691 3 901 236;895;1571 1 47
234534 692 1 1570 1570 1 47
234871 693 4 1113 1018;1532;967;934 3 48
234951 694 2 529 948;110 1 47
235009 695 2 806 921;690 2 33
235098 696 9 953 1155;1258;904;799;594;922;1328;601;1012 1 47
236023 697 2 881 901;861 7 5
236123 698 6 940 1056;676;282;1376;1152;1100 1 47
236196 699 3 901 985;739;978 1 47
236705 700 3 681 865;196;981 8 5
236798 701 9 1112 641;1492;1566;967;1183;1062;1312;568;1220 206 14
237127 702 5 1133 863;1025;1673;857;1245 2 33
237398 703 3 1024 1332;902;838 2 33
237694 704 8 722 267;1160;255;1480;625;414;530;1042 1 47
237849 705 4 656 931;711;397;583 2 33
237859 706 26 972 818;907;1020;845;716;1211;1255;1359;743;1173;539;1352;1690;1478;721;692;775;732;511;1182;793;1136;792;809;977;1040 25 4
237905 707 1 947 947 3 48
238410 708 11 824 624;649;1140;487;554;743;829;911;533;1352;1246 2 33
240289 709 6 1318 884;1165;1146;1584;1718;1410 4 37
240494 710 5 1060 1296;982;774;1559;689 3 48
240616 711 23 959 308;1512;214;1116;926;539;933;574;1671;1084;1442;810;1014;1038;560;786;718;1035;764;1337;652;1688;1346 3 48
240861 712 1 1096 1096 1 47
241050 713 15 1037 535;400;1511;1439;1362;1690;1334;282;1179;1285;777;1189;781;731;1062 2 33
241103 714 16 857 821;1440;526;1007;526;556;1233;435;412;1454;1137;1243;911;487;791;727 6 24
241576 715 3 893 754;957;968 36 20
242006 716 2 765 650;880 159 1
243252 717 12 972 899;170;498;779;728;1140;1569;1237;1394;1552;1359;336 5 10
243301 718 2 1076 1212;939 2 33
243742 719 10 927 1123;1009;917;574;846;800;406;1547;672;1375 36 20
244736 720 3 1046 407;1093;1639 5 10
244810 721 10 891 1277;676;1120;295;831;254;1062;1111;1389;896 8 5
244998 722 3 1160 1585;872;1022 9 17
247179 723 2 980 963;996 14 29
247881 724 3 1225 1101;1154;1421 2 33
250017 725 1 690 690 1 47
250151 726 6 1091 595;1731;896;971;1072;1281 3 48
250504 727 3 479 526;629;282 26 9
250773 728 2 872 1148;597 1 47
251216 729 3 1012 546;861;1629 6 24
251301 730 3 620 966;351;542 9 17
251447 731 2 586 742;430 1 47
251913 732 9 955 1516;518;1505;159;1310;1253;581;634;1118 2 33
252721 733 3 1097 1245;954;1091 10 23
252910 734 5 1007 808;1335;635;749;1508 26 9
252971 735 1 926 926 1 47
254473 736 5 686 629;296;690;639;1178 4 37
255178 737 9 759 188;686;1007;1189;894;558;980;638;688 1 47
255260 738 8 878 1239;508;913;704;766;1071;965;862 6 24
255536 739 3 1069 994;979;1235 37 25
257772 740 4 942 1104;936;1093;635 309 27
257836 741 4 754 904;829;509;775 1 47
258622 742 4 903 996;847;769;1000 6 24
258791 743 12 768 828;764;1066;962;1209;665;365;428;578;908;668;781 61 2
259162 744 6 658 1033;412;1000;452;793;258 148 25
259602 745 1 866 866 1 47
259915 746 5 841 764;880;798;962;801 2 33
263767 747 2 727 955;499 188 42
265144 748 3 983 751;1185;1014 1 47
265824 749 2 460 469;450 1 47
266442 750 4 592 920;90;413;944 1 47
267234 751 1 1115 1115 1 47
267298 752 2 278 302;253 1 47
267534 753 1 1299 1299 2 33
269521 754 1 185 185 19 35
283987 755 7 876 274;1047;1149;915;112;1526;1109 1 47
284014 756 5 791 601;891;664;1589;211 18 14
284149 757 3 877 455;1389;787 12 41
284211 758 4 1160 1224;1401;1274;741 1 47
284378 759 19 802 105;1257;821;888;650;964;811;1596;425;1499;138;552;762;729;737;696;786;548;1277 1 47
284450 760 2 707 849;565 1 47
284465 761 2 1034 1325;744 12 41
284471 762 2 648 1184;111 228 22
284502 763 6 830 544;1150;609;848;996;835 1 47
284786 764 2 906 664;1147 9 17
284796 765 2 983 1207;759 4 37
284906 766 3 925 700;1157;917 6 24
285123 767 3 915 1053;749;942 1 47
285289 768 2 882 716;1049 1 47
285559 769 4 766 212;956;580;1317 248 21
285591 770 20 975 1519;713;697;1131;1045;1229;914;451;778;906;844;910;727;1093;1339;164;1016;1710;1007;1305 1 47
285609 771 2 814 207;1421 11 11
285640 772 4 723 397;615;1064;815 5 10
285660 773 4 716 415;843;426;1179 1 47
285770 774 1 125 125 179 14
286288 775 15 956 780;730;651;818;810;410;1367;953;1438;1109;593;1097;1165;1301;1117 1 47
286526 776 2 832 851;812 2 33
286608 777 1 685 685 3 48
286640 778 4 900 1381;1063;404;751 13 2
286683 779 6 914 1522;1254;396;378;559;1378 1 47
286773 780 13 953 651;1369;951;483;830;1074;916;761;1388;1348;289;935;1392 280 7
286874 781 5 1116 759;821;775;1515;1708 1 47
287209 782 3 1130 1429;1047;915 1 47
287497 783 2 936 623;1250 23 49
289267 784 11 1094 891;1427;1238;1574;1303;903;1131;870;970;611;1112 11 11
289280 785 2 436 474;398 18 14
290367 786 1 772 772 185 16
290383 787 3 852 897;474;1185 29 3
290407 788 15 955 1678;1221;645;1266;416;745;1086;575;653;1145;1168;1272;586;754;1109 3 48
290430 789 2 580 746;413 22 10
290560 790 2 1040 1126;954 3 48
290577 791 2 1004 1209;799 2 33
290583 792 4 537 578;873;318;379 1 47
290680 793 1 384 384 2 33
290707 794 2 1243 1436;1050 1 47
290747 795 2 860 1139;581 7 5
290986 796 2 1036 980;1092 3 48
291190 797 3 1101 1516;495;1291 1 47
291600 798 11 1017 1042;1121;760;786;1405;899;1653;1434;630;932;522 6 24
291604 799 2 730 919;542 2 33
291624 800 5 1112 456;1422;994;1448;1241 1 47
291653 801 1 998 998 1 47
291710 802 2 347 203;491 1 47
291941 803 2 600 313;887 1 47
292207 804 2 960 1328;592 9 17
292244 805 7 880 909;381;1341;1317;991;389;834 2 33
292391 806 4 1222 1410;1329;566;1584 2 33
292553 807 3 805 522;1319;575 1 47
292585 808 3 1105 761;1330;1225 1 47
292664 809 2 1403 1298;1508 1 47
292924 810 5 842 776;768;1017;873;774 4 37
292929 811 7 833 1043;1141;1167;1130;267;548;537 7 5
293044 812 2 840 609;1070 63 43
293373 813 2 1172 1489;855 8 5
293385 814 2 646 549;743 2 33
293525 815 7 544 756;231;1092;825;253;318;332 1 47
293596 816 2 756 537;976 18 14
293661 817 5 870 677;167;1301;920;1284 1 47
293747 818 2 1214 1627;801 18 14
293837 819 22 1040 1541;944;1633;583;1157;346;1141;1430;794;477;828;543;1344;1706;791;765;1251;1293;951;1242;1349;774 1 47
293850 820 10 764 1058;249;1044;783;1146;567;833;917;552;493 3 48
293921 821 3 676 1429;409;190 2 33
293974 822 2 518 432;604 7 5
293983 823 22 830 806;1205;764;499;274;963;1122;875;106;940;1518;1532;835;1211;730;750;172;1381;345;701;451;1091 1 47
295967 824 2 1004 765;1243 3 48
296001 825 9 720 1021;748;214;764;789;283;493;1277;892 1 47
296028 826 2 824 875;774 8 5
296148 827 2 578 980;177 1 47
296183 828 3 788 557;674;1132 4 37
296255 829 2 1258 1116;1401 2 33
296267 830 1 1080 1080 85 17
296278 831 8 952 1464;383;936;1730;628;1397;513;567 29 3
296306 832 9 967 1002;852;882;1150;616;574;663;1555;1412 1 47
296351 833 14 954 600;355;1031;1191;1139;1175;598;1283;849;1590;444;1298;1004;800 1 47
296945 834 2 848 1324;373 1 47
297130 835 16 969 959;675;1192;1105;846;623;970;837;1059;609;1253;1248;1044;1006;920;1163 96 9
297338 836 3 1015 795;821;1430 1 47
297350 837 3 627 1008;525;348 1 47
297387 838 4 767 941;703;1165;258 2 33
297394 839 5 986 1124;1731;1187;500;390 15 5
297413 840 9 908 1091;606;1186;734;1219;1402;352;468;1118 27 27
300114 841 3 788 1179;904;282 1 47
300136 842 5 1404 1416;1558;796;1529;1721 3 48
300488 843 2 280 259;302 3 48
301274 844 3 677 456;934;642 7 5
301671 845 6 1017 1636;597;806;1318;328;1416 1 47
302185 846 3 966 838;1596;465 69 47
302220 847 3 1285 1682;864;1308 1 47
302270 848 15 784 700;535;382;1020;1059;1048;269;979;1308;346;1301;168;811;992;846 3 48
302277 849 4 1031 1065;651;1373;1035 3 48
302311 850 3 639 1032;284;602 2 33
302350 851 3 1070 1142;1578;491 1 47
303350 852 2 507 542;472 1 47
303368 853 1 741 741 7 5
303992 854 8 788 717;994;348;823;445;1147;915;913 5 10
304086 855 1 791 791 7 5
304564 856 2 860 1233;488 9 17
304590 857 5 868 1288;788;760;921;583 9 17
304752 858 8 1115 925;1035;768;1320;1354;737;1139;1644 13 2
306012 859 1 697 697 2 33
306117 860 3 914 1064;675;1004 1 47
306126 861 5 1037 1157;1135;787;1070;1035 1 47
306146 862 1 1518 1518 2 33
306407 863 3 1179 727;1451;1358 1 47
306414 864 3 1111 1233;1055;1044 1 47
306440 865 3 755 985;411;868 9 17
306468 866 2 1172 1065;1278 5 10
306610 867 4 860 552;781;1187;920 52 23
306636 868 4 1156 1511;468;968;1675 102 20
307004 869 4 1362 1498;1179;1426;1345 1 47
307069 870 2 1052 1217;887 2 33
307098 871 4 1161 1319;1337;1392;596 1 47
307127 872 2 500 130;870 70 28
307219 873 2 1288 1707;869 1 47
307232 874 2 1292 1370;1214 1 47
307276 875 5 1104 1031;568;1500;1505;914 14 29
307420 876 16 988 1440;1521;1009;1276;663;330;908;840;1046;1266;1166;659;134;723;1370;1452 8 5
307447 877 4 782 651;675;1176;628 52 23
307543 878 3 891 1014;840;820 3 48
307729 879 5 575 524;682;483;821;363 34 14
307786 880 4 831 813;950;605;956 11 11
307832 881 23 805 538;1178;1287;931;528;1206;731;1045;871;545;131;192;1342;1148;672;766;714;406;1043;503;1231;546;951 2 33
307839 882 5 1093 910;1340;850;1067;1297 195 45
307905 883 11 802 1112;1492;961;1026;889;589;420;892;151;872;422 2 33
308068 884 54 846 430;662;1008;723;835;1344;893;630;256;1319;955;772;510;771;1146;502;990;1119;983;622;335;766;657;1222;1318;1092;410;911;954;321;1236;799;863;745;1312;546;1213;915;528;759;1553;1504;449;1071;930;403;1033;675;612;866;637;180;1190;1208 137 45
308164 885 6 889 415;1063;1232;1413;647;563 20 14
308187 886 4 970 733;525;1200;1422 1 47
308291 887 5 1090 1253;694;649;1709;1143 2 33
308621 888 5 1092 1229;677;1461;1054;1041 5 10
308646 889 8 735 399;1012;1000;652;865;294;1227;431 4 37
308907 890 5 760 899;590;115;525;1669 1 47
309003 891 6 1086 1143;1037;1257;1183;1171;724 3 48
309173 892 6 550 229;858;566;487;850;313 9 17
309331 893 3 817 1480;616;354 5 10
309398 894 6 940 1292;512;1074;510;834;1419 71 43
309555 895 2 904 497;1312 1 47
309770 896 2 1143 943;1343 116 43
309918 897 3 1015 888;1242;914 1 47
310021 898 10 1030 1106;1137;365;1258;1669;820;1536;857;259;1291 4 37
310056 899 15 936 1143;1091;595;838;1152;1466;808;673;569;1413;806;1095;717;1551;129 7 5
310091 900 6 867 540;490;569;1572;756;1273 2 33
310303 901 3 708 630;804;689 1 47
310422 902 5 786 576;1008;691;835;818 4 37
310448 903 1 763 763 1 47
310555 904 1 1132 1132 1 47
311408 905 2 848 792;905 57 5
311417 906 4 1105 658;1220;1159;1384 9 17
311475 907 13 813 845;765;1084;673;1254;945;347;349;1233;1219;111;998;748 8 5
311492 908 3 1019 1025;1278;753 2 33
311789 909 7 1223 1424;1533;1527;799;177;1523;1577 37 25
311849 910 1 525 525 1 47
312003 911 2 993 1051;935 27 27
313053 912 5 989 1116;1461;550;766;1051 24 24
313071 913 2 748 1001;496 7 5
313084 914 4 957 1024;330;1191;1282 4 37
315243 915 2 960 769;1152 5 10
317274 916 2 958 1305;612 81 21
317362 917 11 681 659;329;676;495;1477;725;785;439;878;161;871 132 6
317436 918 8 931 1197;312;1102;1131;700;1280;927;801 1 47
318463 919 8 814 607;1295;781;1519;457;735;873;248 23 49
318784 920 8 744 123;122;1120;770;1129;632;1099;961 1 47
318796 921 2 861 525;1197 325 45
319111 922 3 1026 907;689;1481 24 24
319167 923 1 860 860 1 47
319574 924 5 730 989;611;1010;400;640 1 47
319771 925 1 1078 1078 1 47
319819 926 3 1209 1064;1143;1420 1 47
320036 927 8 987 522;1252;1638;631;635;1337;627;1256 5 10
320286 928 3 896 1575;442;670 1 47
320359 929 2 384 377;392 1 47
320948 930 5 1134 645;1490;1321;1246;966 1 47
320970 931 16 869 1001;1649;802;315;605;329;1284;1038;873;1069;734;1637;813;171;339;1240 2 33
321260 932 7 852 1708;217;683;549;896;468;1440 1 47
321308 933 3 910 788;1309;632 9 17
321513 934 4 844 760;1235;453;930 2 33
323136 935 6 638 510;1190;470;849;265;541 2 33
323839 936 11 818 1061;1211;856;752;448;789;775;948;275;986;893 20 14
323847 937 1 1403 1403 5 10
324260 938 1 362 362 12 41
324400 939 2 1100 797;1404 1 47
326854 940 11 871 1015;274;596;1090;1583;717;805;818;1358;998;322 99 35
327029 941 5 1137 949;1030;1029;1353;1323 5 10
327157 942 5 1409 1457;1502;1696;1180;1212 1 47
328019 943 1 1107 1107 22 10
328362 944 2 820 567;1074 12 41
328471 945 6 1151 651;966;1068;1249;1356;1614 121 32
328589 946 3 1153 1328;1285;845 80 4
328641 947 2 940 526;1355 5 10
328832 948 9 695 789;850;1037;369;375;400;835;627;971 1 47
328879 949 4 1037 649;1292;587;1620 25 4
329141 950 3 1013 987;897;1155 175 41
330483 951 1 1035 1035 8 5
330907 952 5 1016 556;1111;1186;703;1524 50 45
330960 953 2 722 74;1369 5 10
331063 954 2 648 521;775 46 36
331355 955 10 1020 749;494;1277;1454;1202;1355;1160;971;1218;318 145 16
331558 956 6 752 963;1087;1005;848;285;324 96 9
332257 957 9 826 627;530;1090;975;1161;155;839;1160;896 41 22
333972 958 5 1006 1447;1477;992;659;454 2 33
334172 959 2 532 447;617 1 47
334492 960 4 698 169;865;1064;696 205 41
335165 961 4 752 909;426;492;1182 4 37
335619 962 3 1052 917;668;1570 295 49
335776 963 2 799 1244;354 1 47
335986 964 5 870 708;1057;822;888;873 34 14
336170 965 4 792 1230;696;825;418 13 2
336286 966 3 834 1572;217;712 7 5
336561 967 18 892 1375;724;661;1298;624;1139;1225;867;563;361;1095;1203;834;1017;822;631;521;1103 1 47
337088 968 4 918 1457;286;425;1506 239 21
339991 969 3 715 411;759;974 23 49
341417 970 4 1187 1123;1388;809;1427 50 45
341454 971 4 756 191;1443;784;608 2 33
344310 972 24 944 1016;350;624;779;867;1377;670;1049;968;1227;431;520;907;911;1210;1126;1681;1177;1135;854;1317;264;587;1599 1 47
354351 973 3 928 1352;513;920 7 5
354702 974 4 1152 1165;1293;813;1339 4 37
354933 975 2 735 564;906 1 47
355214 976 2 877 1029;725 6 24
357934 977 4 1106 343;1552;1437;1094 1 47
358155 978 2 1248 1453;1043 2 33
358286 979 2 1118 930;1306 3 48
358934 980 6 724 301;1018;1216;985;361;464 56 6
358953 981 4 873 743;1279;967;504 1 47
362920 982 27 899 642;1042;778;634;660;148;795;745;1277;868;798;1422;1409;705;980;1027;1502;656;1097;1022;1026;1089;838;834;269;1066;954 6 24
364217 983 3 1029 990;985;1112 2 33
364258 984 9 922 894;656;807;1398;723;708;1301;604;1210 1 47
364433 985 2 1206 1312;1100 9 17
364619 986 8 1080 1085;996;1583;1273;593;1046;1040;1025 13 2
364631 987 5 1041 859;907;1005;1256;1178 9 17
364701 988 3 808 1243;871;310 230 35
364753 989 2 818 328;1309 4 37
364823 990 4 662 585;316;1256;491 2 33
364881 991 4 936 933;1252;1466;94 6 24
366152 992 9 994 1005;432;1410;1071;449;868;1712;1112;888 1 47
366385 993 5 755 463;948;1249;624;491 59 8
366669 994 6 1011 382;967;1050;1286;1113;1268 183 48
366711 995 13 912 643;828;1653;837;533;469;830;1268;1049;828;902;1040;970 23 49
366876 996 3 578 462;272;1001 9 17
366884 997 2 1450 1291;1609 10 23
366906 998 21 819 1090;1305;1101;987;791;324;132;1000;669;807;1194;1354;1055;505;656;952;589;553;972;1080;93 1 47
367116 999 3 624 567;511;793 6 24
367127 1000 4 725 679;524;498;1200 72 12
367268 1001 4 747 432;707;959;889 19 35
367339 1002 3 844 729;685;1119 1 47
367405 1003 9 948 991;1185;803;1067;1078;772;799;1154;679 198 19
367477 1004 2 970 1323;617 1 47
368354 1005 4 654 1141;325;193;957 1 47
369285 1006 2 123 161;85 38 40
369547 1007 76 815 219;634;871;1430;1080;1111;712;312;618;683;227;555;1300;506;1425;659;715;1660;797;440;842;430;1304;181;642;1644;989;1455;660;1717;271;859;1385;853;1093;330;1005;1337;663;348;403;300;607;1194;318;1624;376;1150;422;632;1222;374;996;1222;956;901;890;1225;1153;932;1289;362;1155;623;444;237;783;1284;323;1357;496;253;874;902;399;286 267 18
369558 1008 3 823 585;1467;418 2 33
369690 1009 4 1093 728;1339;1269;1035 13 2
369798 1010 4 885 596;577;981;1387 25 4
369801 1011 3 1291 1470;1206;1196 2 33
369842 1012 4 860 579;1312;787;764 4 37
369854 1013 2 805 804;806 1 47
369912 1014 2 591 568;614 38 40
369918 1015 7 1005 559;914;1229;931;1377;824;1199 6 24
369964 1016 4 1121 877;679;1703;1225 1 47
370011 1017 5 850 465;1437;702;1444;200 2 33
370162 1018 7 828 1148;777;369;937;859;746;962 1 47
370885 1019 4 879 681;865;917;1054 96 9
370917 1020 3 579 80;897;759 3 48
371083 1021 10 952 1335;991;1029;1701;698;976;61;672;683;1370 68 11
371086 1022 2 332 271;393 7 5
371123 1023 2 816 413;1219 147 29
371173 1024 3 565 144;1030;522 2 33
371255 1025 6 627 675;504;680;789;515;598 8 5
371451 1026 2 978 1158;799 2 33
371456 1027 5 947 1403;730;1401;1080;121 4 37
372471 1028 1 1421 1421 15 5
372631 1029 1 1047 1047 3 48
372639 1030 3 754 1052;974;237 4 37
372657 1031 3 501 402;876;225 17 25
372717 1032 2 1288 1379;1197 3 48
372769 1033 2 942 923;961 4 37
372797 1034 4 1230 1182;1675;1323;738 1 47
373136 1035 2 1166 601;1731 7 5
373395 1036 8 1022 1137;1137;1181;1476;1157;176;858;1055 2 33
373429 1037 7 964 1612;954;1337;242;928;1464;208 4 37
373538 1038 5 735 166;737;897;694;1180 17 25
373680 1039 3 886 911;1096;651 60 29
373708 1040 11 1036 1378;450;882;852;997;1573;779;1081;1096;1174;1135 14 29
373777 1041 1 1139 1139 178 27
373877 1042 21 893 1000;1344;700;894;1002;391;1405;836;1032;1388;1016;1731;732;1272;724;541;479;335;976;390;566 11 11
373962 1043 4 545 333;843;826;179 1 47
374014 1044 1 741 741 4 37
374118 1045 1 88 88 7 5
374181 1046 2 924 997;851 1 47
374191 1047 3 1175 1301;1301;923 12 41
374289 1048 2 480 585;375 2 33
374369 1049 3 1113 1120;1166;1053 26 9
374909 1050 7 899 843;450;1206;1157;836;1356;448 1 47
375019 1051 9 690 660;851;895;879;765;123;833;767;440 1 47
375054 1052 15 822 882;970;683;785;573;644;130;360;692;1217;888;981;1036;1386;1096 1 47
375208 1053 2 556 350;762 2 33
375261 1054 3 628 464;706;714 12 41
375353 1055 2 734 434;1034 2 33
375501 1056 5 859 979;981;488;1217;631 23 49
376988 1057 14 950 982;614;1608;590;434;1269;1103;1353;795;937;662;806;1172;972 1 47
377319 1058 3 979 842;1027;1068 13 2
377397 1059 2 992 586;1398 2 33
377567 1060 1 931 931 1 47
377572 1061 5 750 1116;835;767;261;772 22 10
377604 1062 7 1090 1559;1420;1270;969;906;160;1344 1 47
378016 1063 20 932 1062;301;609;625;1266;964;1401;561;819;451;765;1192;955;1557;426;1361;1541;891;679;1211 3 48
378053 1064 2 1064 1059;1068 2 33
378063 1065 2 680 298;1061 1 47
378265 1066 6 948 627;1006;1325;1038;1060;630 246 10
378288 1067 4 822 679;384;1028;1195 262 29
378314 1068 2 702 719;685 148 25
378426 1069 1 825 825 1 47
378495 1070 3 983 713;1558;677 3 48
378512 1071 4 835 75;1208;474;1582 335 3
378834 1072 1 772 772 2 33
379082 1073 6 632 1009;620;618;813;66;663 197 36
379133 1074 2 1166 932;1401 4 37
379209 1075 4 1036 1063;905;1005;1170 2 33
379242 1076 2 1181 1400;962 9 17
379286 1077 7 798 222;1519;1310;366;1093;511;562 15 5
379292 1078 3 691 461;625;988 1 47
379411 1079 2 400 592;207 2 33
379420 1080 5 1032 1047;984;1134;960;1033 12 41
379508 1081 3 606 1264;286;268 28 15
379628 1082 8 913 1389;575;929;537;854;1276;1042;704 2 33
380292 1083 3 1231 740;1465;1489 16 48
380521 1084 4 1517 1687;957;1686;1739 5 10
381350 1085 11 954 793;1066;1079;990;909;999;129;1087;1467;1038;933 5 10
381407 1086 4 950 1153;933;489;1225 1 47
381636 1087 3 1220 1001;1096;1563 4 37
381655 1088 3 865 1678;737;181 32 7
381669 1089 3 1193 1498;1166;915 20 14
381704 1090 3 553 218;880;562 3 48
381937 1091 18 891 796;1150;836;1274;1215;1153;254;827;775;793;1059;474;447;857;1389;856;1229;646 1 47
382033 1092 2 488 125;850 2 33
382112 1093 4 642 585;1086;333;563 2 33
382136 1094 2 1264 1300;1229 1 47
382157 1095 2 1024 1272;775 5 10
382190 1096 2 584 600;569 44 21
382350 1097 4 973 577;1441;803;1070 1 47
382417 1098 1 906 906 11 11
382513 1099 6 912 1161;563;1254;1446;284;763 3 48
382562 1100 2 904 1000;807 2 33
382631 1101 1 1423 1423 66 24
382688 1102 10 898 830;780;727;1378;1341;264;1300;917;1141;302 1 47
382763 1103 10 890 1379;907;1042;780;637;809;448;708;1594;600 34 14
382976 1104 1 856 856 3 48
382994 1105 2 1108 887;1330 3 48
383057 1106 3 959 1425;868;585 154 29
383165 1107 2 658 392;925 4 37
383416 1108 87 933 1006;1570;760;172;653;1387;1120;429;913;453;1328;1303;861;742;533;711;787;1213;1372;1031;925;409;690;1017;114;1133;892;1215;636;1083;1048;599;1424;921;1168;1159;1217;850;946;1147;907;815;1052;1021;523;1047;1412;133;1094;1201;928;439;1360;1335;1288;477;965;870;1515;1055;557;782;548;1310;1062;584;1114;692;847;1597;708;519;1057;786;1042;230;811;1124;749;1604;1212;1664;682;758;400;1154;1207 1 47
383508 1109 3 831 1200;922;371 6 24
383562 1110 3 999 831;1075;1091 40 26
383600 1111 4 1195 1354;1423;1061;943 4 37
383719 1112 7 875 845;1235;818;799;994;728;709 56 6
383775 1113 2 730 766;693 54 38
383970 1114 5 953 1193;1180;750;581;1060 5 10
384016 1115 4 982 1177;616;835;1298 2 33
384618 1116 1 260 260 1 47
384738 1117 3 923 929;973;868 2 33
384853 1118 19 956 1391;1419;950;512;875;1220;1266;423;1421;907;654;1346;811;935;965;469;1567;305;726 22 10
385345 1119 6 922 885;854;384;1307;1006;1099 1 47
385484 1120 2 1001 1083;919 1 47
385780 1121 9 843 973;998;1038;947;800;220;889;654;1069 42 18
385818 1122 5 811 963;1245;595;370;884 5 10
385871 1123 71 883 727;679;807;1223;923;1386;1275;662;437;453;1321;652;1043;1250;1112;442;897;1073;530;1519;891;1009;1091;452;563;241;1003;1442;1043;910;515;557;675;871;1611;254;486;897;866;890;926;1387;1049;625;1526;1008;716;1581;1493;1142;371;750;65;1097;828;1181;1564;1491;1234;835;750;1272;824;222;158;860;216;458;864;434;1112 1 47
388012 1124 11 918 385;902;841;950;1634;1380;612;538;822;1457;574 35 41
388365 1125 2 546 662;429 2 33
388437 1126 24 796 1047;554;995;1274;1116;681;1020;910;307;957;88;138;760;1257;774;1586;715;619;254;437;607;565;1151;1288 59 8
388799 1127 7 988 777;1235;1144;976;699;853;1231 4 37
388852 1128 5 743 814;126;924;663;1189 8 5
389671 1129 10 978 542;1168;1111;1403;740;666;903;1226;739;1283 69 47
389714 1130 11 789 1431;1228;499;450;799;518;1039;114;545;1022;1031 1 47
389733 1131 4 431 373;340;356;656 1 47
390044 1132 4 1114 1612;1396;661;785 6 24
390065 1133 2 785 876;694 61 2
390078 1134 2 672 1152;191 7 5
390175 1135 3 865 713;732;1151 2 33
390513 1136 11 865 738;1539;350;1137;927;891;662;431;550;1193;1092 2 33
390967 1137 10 697 285;252;396;1004;1057;1134;224;592;1335;688 9 17
391269 1138 1 1080 1080 1 47
391354 1139 6 785 343;347;500;1024;1718;780 1 47
391398 1140 7 1094 1323;864;1191;909;1258;1045;1071 25 4
391860 1141 1 1205 1205 2 33
391961 1142 2 817 1082;552 9 17
392076 1143 8 1041 1094;687;1013;532;1410;1251;1351;991 6 24
392162 1144 1 491 491 33 13
393979 1145 3 823 1155;132;1182 134 10
394019 1146 5 1108 764;1559;1457;895;865 4 37
394033 1147 2 790 914;665 4 37
394074 1148 2 550 499;601 23 49
394092 1149 2 876 915;836 3 48
394737 1150 2 1258 913;1602 8 5
394873 1151 7 853 1073;440;1205;869;80;1139;1165 31 37
395058 1152 2 710 791;628 4 37
395659 1153 2 412 268;557 3 48
395768 1154 12 857 632;1169;993;825;460;194;641;686;630;1247;1483;1327 176 42
395816 1155 1 1205 1205 305 39
395868 1156 1 1102 1102 2 33
396683 1157 4 907 476;1236;782;1134 4 37
396728 1158 7 1056 1282;1185;1022;939;1586;96;1284 3 48
397249 1159 10 814 1276;952;544;723;859;269;980;378;875;1289 4 37
397326 1160 2 958 1041;874 1 47
397649 1161 2 610 136;1084 1 47
397668 1162 3 694 1330;458;295 2 33
397778 1163 4 1065 973;955;1425;906 2 33
398613 1164 2 1026 1197;854 1 47
398917 1165 7 780 1234;625;513;504;973;892;722 1 47
399774 1166 7 848 966;239;793;1172;1082;1068;616 1 47
400058 1167 3 675 71;1119;835 22 10
400167 1168 2 538 382;695 3 48
401379 1169 2 696 855;536 10 23
401387 1170 4 877 926;871;614;1096 1 47
401878 1171 7 1049 1083;664;1392;1150;1009;1212;833 5 10
402067 1172 3 867 468;1467;666 78 47
402255 1173 4 961 1063;1294;467;1019 2 33
402345 1174 1 689 689 1 47
402378 1175 2 1218 727;1710 7 5
402734 1176 6 1025 370;1224;777;1556;962;1261 36 20
402814 1177 5 818 1261;644;714;853;617 2 33
403127 1178 3 1015 762;1332;952 1 47
403235 1179 2 1371 1237;1505 1 47
403724 1180 4 1106 967;897;1139;1419 12 41
404072 1181 2 1155 1442;868 1 47
410261 1182 1 202 202 11 11
410267 1183 1 391 391 184 18
410500 1184 7 910 493;666;1044;1314;530;813;1507 1 47
411386 1185 2 608 924;293 2 33
411525 1186 2 1240 1706;773 3 48
411792 1187 1 1433 1433 1 47
411802 1188 2 1427 1697;1157 1 47
412247 1189 15 864 393;929;1393;1060;215;824;251;849;772;1329;1139;1035;972;1523;279 54 38
412455 1190 4 889 724;249;1209;1375 1 47
412889 1191 4 1000 585;1558;771;1088 3 48
412920 1192 4 615 797;361;685;618 43 8
413029 1193 5 946 1054;1509;536;858;775 1 47
413261 1194 3 948 661;1415;768 4 37
413405 1195 2 1100 1293;906 25 4
413646 1196 1 1731 1731 1 47
414545 1197 37 913 1347;785;1018;841;844;236;1185;1411;843;665;1160;1372;376;1146;1323;65;417;150;939;1201;1183;918;1183;778;1041;696;1064;431;680;1018;1102;924;1278;923;1538;546;1158 7 5
415734 1198 1 1079 1079 10 23
417199 1199 4 785 454;182;1107;1398 27 27
417317 1200 2 928 623;1233 4 37
417366 1201 4 710 756;1178;147;761 2 33
417553 1202 5 1142 1349;1293;479;1640;947 141 15
418311 1203 3 837 845;580;1085 14 29
418495 1204 2 911 908;914 10 23
418580 1205 2 986 622;1349 1 47
418675 1206 1 1212 1212 1 47
419012 1207 4 890 1428;811;817;503 10 23
419536 1208 3 812 1643;435;357 1 47
419604 1209 7 992 536;995;979;1022;1405;881;1127 40 26
419927 1210 5 978 991;714;1202;1191;792 1 47
420055 1211 3 901 1379;894;429 145 16
420737 1212 2 487 190;784 1 47
421218 1213 2 1084 1297;872 9 17
423906 1214 7 953 474;799;1140;1093;586;1365;1215 26 9
423973 1215 20 954 993;1602;1049;783;1449;582;1254;776;471;1328;882;1048;1187;1140;872;1213;1167;779;101;396 61 2
424097 1216 3 916 940;784;1025 1 47
424366 1217 7 1027 832;1476;872;454;921;1508;1123 21 14
424433 1218 5 999 956;977;971;967;1123 2 33
429114 1219 3 958 975;1465;434 11 11
429331 1220 3 886 1315;1010;332 1 47
429645 1221 7 885 118;757;1019;836;593;1472;1397 15 5
430069 1222 3 988 1444;664;856 1 47
430525 1223 3 746 883;414;942 10 23
430738 1224 3 725 553;455;1168 3 48
431386 1225 5 505 398;197;980;590;362 7 5
431591 1226 7 810 795;909;1244;391;719;914;701 1 47
431631 1227 21 754 1171;648;320;636;1234;762;853;553;1262;853;1219;71;366;451;1089;373;414;1238;675;952;686 45 2
432042 1228 9 917 518;1343;1212;1276;766;552;738;742;1105 83 18
432122 1229 2 1456 1229;1683 12 41
432327 1230 3 1622 1630;1664;1571 1 47
433955 1231 5 748 86;868;911;1067;810 3 48
436218 1232 4 1288 1219;1059;1717;1157 9 17
436314 1233 2 1168 1501;835 2 33
438119 1234 3 1056 1064;816;1288 5 10
438669 1235 7 896 951;1295;768;823;1005;759;669 1 47
438941 1236 2 772 1213;332 18 14
439644 1237 11 630 558;876;629;761;212;1152;642;457;291;620;733 10 23
439989 1238 7 589 370;381;775;267;762;861;706 39 9
444582 1239 6 941 1076;1394;1268;1102;465;343 12 41
447245 1240 2 1081 1525;637 1 47
452652 1241 4 1041 1358;1338;751;716 1 47
452663 1242 5 1154 905;1612;1271;915;1067 5 10
452716 1243 2 1122 953;1290 2 33
452848 1244 16 940 1355;738;679;1493;653;647;1432;853;377;1432;1677;279;766;596;736;1331 1 47
452886 1245 10 911 634;1447;749;1477;1332;986;510;317;584;1074 1 47
452998 1246 3 1341 1388;1230;1405 1 47
453003 1247 6 651 558;882;116;276;983;1090 320 21
453043 1248 2 890 1153;628 9 17
453067 1249 3 739 510;1058;650 3 48
453077 1250 2 1058 1082;1035 1 47
453113 1251 5 866 897;1447;616;604;768 1 47
453364 1252 2 799 761;837 2 33
453445 1253 2 446 230;661 6 24
453719 1254 1 1553 1553 1 47
453728 1255 3 968 1146;1099;660 1 47
453796 1256 6 861 924;715;1127;1139;228;1034 1 47
453829 1257 8 727 1199;1158;709;363;411;1057;792;129 1 47
454420 1258 4 868 698;697;910;1167 1 47
454832 1259 2 1044 661;1428 1 47
455257 1260 2 937 860;1014 1 47
455473 1261 2 1436 1550;1321 170 21
455564 1262 8 868 981;1571;81;978;572;149;1497;1112 1 47
455739 1263 2 922 1204;639 1 47
455954 1264 2 911 1120;702 2 33
455985 1265 10 757 220;404;681;982;407;547;1023;1030;548;1731 9 17
456006 1266 2 868 731;1004 18 14
456106 1267 5 675 395;206;917;897;960 2 33
456191 1268 11 1015 752;1116;1325;798;897;1375;1105;894;1200;880;828 89 29
456238 1269 2 755 713;797 6 24
456329 1270 3 650 1158;631;161 2 33
456590 1271 3 1024 1190;780;1102 18 14
456798 1272 3 688 611;654;800 1 47
456856 1273 1 1268 1268 125 27
456879 1274 1 894 894 1 47
456946 1275 10 708 582;309;1085;1489;481;259;944;637;164;1134 1 47
457054 1276 10 795 637;934;952;942;1098;347;353;576;971;1144 6 24
457113 1277 5 646 136;508;1147;374;1064 1 47
457139 1278 7 756 846;329;884;256;1325;744;907 4 37
457246 1279 1 759 759 18 14
457293 1280 2 468 816;121 1 47
457325 1281 8 719 515;446;668;1004;678;574;1175;691 1 47
457627 1282 5 850 1111;482;879;984;794 1 47
457633 1283 3 1001 275;1470;1259 21 14
457726 1284 3 847 608;959;973 3 48
457893 1285 9 910 900;1239;1360;453;1377;597;286;1004;973 108 24
458139 1286 33 876 845;628;868;1495;777;530;516;745;1057;1429;498;1147;1563;650;747;968;844;995;662;555;1252;332;1450;402;691;892;751;923;1038;316;1268;952;1119 1 47
458142 1287 11 924 1196;377;1521;517;891;779;1352;374;1015;621;1523 1 47
458829 1288 3 975 497;1019;1410 42 18
458891 1289 2 1119 903;1335 25 4
459123 1290 2 712 986;439 2 33
459217 1291 19 883 1394;341;1406;1115;311;1032;910;1037;445;1396;124;1477;1077;1043;306;1344;418;774;826 1 47
459249 1292 2 1071 576;1566 2 33
459291 1293 5 973 554;1526;1382;613;790 1 47
459400 1294 4 1007 1489;810;632;1096 1 47
459446 1295 6 834 431;1449;240;856;792;1238 12 41
460118 1296 5 762 985;488;188;1111;1036 4 37
460198 1297 1 1169 1169 124 25
460380 1298 4 799 193;848;714;1441 5 10
460404 1299 5 1024 1193;1501;1034;1096;296 49 35
460611 1300 7 1011 1449;925;451;1330;731;848;1345 3 48
460660 1301 5 991 1541;875;370;655;1515 1 47
460706 1302 1 971 971 11 11
460872 1303 2 760 729;792 20 14
460956 1304 2 863 982;744 2 33
460963 1305 2 721 570;872 1 47
461047 1306 1 930 930 6 24
461277 1307 5 803 554;325;1048;1263;826 25 4
461292 1308 3 1013 458;1321;1261 2 33
461308 1309 3 1108 1205;1097;1022 1 47
461490 1310 1 406 406 1 47
461666 1311 2 523 547;499 2 33
461831 1312 3 977 1494;386;1052 1 47
461864 1313 2 820 775;866 237 18
461886 1314 2 1354 1199;1510 78 47
461910 1315 6 926 484;848;1181;796;1300;948 1 47
461913 1316 2 408 211;604 1 47
462079 1317 1 519 519 1 47
462220 1318 5 1057 1102;1428;934;766;1057 25 4
462412 1319 5 965 1128;720;1209;841;927 100 14
462589 1320 3 1260 1250;1174;1357 1 47
462904 1321 4 780 328;1172;378;1243 70 28
462918 1322 3 799 394;1000;1004 1 47
462990 1323 1 138 138 1 47
463020 1324 30 1045 1043;875;1143;1144;1084;1458;343;949;553;1219;614;428;1384;1617;1409;1291;865;1587;632;1434;935;1025;737;946;1099;1206;1421;1393;1031;474 1 47
463024 1325 3 738 346;692;1177 76 20
463080 1326 6 713 1007;232;227;1084;691;1039 27 27
463713 1327 2 1164 1123;1206 20 14
463777 1328 2 922 1094;751 7 5
463851 1329 2 810 968;651 2 33
463897 1330 3 1062 751;1129;1307 8 5
463913 1331 2 898 993;803 3 48
463947 1332 1 341 341 196 17
463955 1333 2 786 575;998 60 29
464100 1334 2 603 620;586 2 33
464339 1335 2 657 882;432 9 17
464422 1336 10 1028 797;1216;1267;724;310;823;1151;1332;1421;1234 5 10
466120 1337 2 224 167;282 11 11
466416 1338 1 566 566 14 29
466458 1339 3 1129 1347;1076;965 2 33
466495 1340 2 696 1308;85 1 47
468454 1341 15 873 365;1197;863;1079;1063;789;881;975;1027;1323;559;763;749;1088;375 37 25
468475 1342 2 536 126;945 3 48
468572 1343 3 571 638;636;439 1 47
468785 1344 2 1426 1212;1641 2 33
468846 1345 1 1570 1570 33 13
468968 1346 5 871 1162;823;470;616;1284 2 33
469049 1347 3 467 345;304;751 2 33
469115 1348 24 909 1070;1134;654;1384;823;102;621;933;594;1257;1585;1199;630;1511;1098;456;1080;701;270;1006;831;764;1607;504 14 29
469211 1349 4 1209 1204;1339;1054;1240 14 29
469234 1350 5 1074 569;1267;1165;1043;1325 45 2
469258 1351 2 435 786;84 7 5
469325 1352 2 1039 964;1114 1 47
469398 1353 9 1040 1136;1093;290;687;1642;969;819;1637;1088 3 48
469726 1354 2 774 683;865 1 47
470018 1355 2 1118 1050;1185 28 15
470056 1356 3 921 845;284;1635 23 49
470454 1357 26 934 1356;1266;610;806;1015;1234;1615;1439;1059;881;1243;652;758;623;312;672;1223;972;813;971;1526;1116;431;560;534;605 1 47
470493 1358 3 479 136;745;555 8 5
470512 1359 7 761 1289;582;369;1055;641;974;419 5 10
470788 1360 7 645 741;525;557;435;106;1056;1096 1 47
471200 1361 2 900 626;1173 4 37
471520 1362 3 735 818;1157;230 21 14
471550 1363 4 1200 1344;904;1626;925 77 48
472296 1364 3 1082 590;1541;1115 74 36
472427 1365 3 1351 1703;1313;1038 1 47
472488 1366 3 628 572;672;641 1 47
472620 1367 8 856 1437;809;869;348;1027;556;1045;760 38 40
472720 1368 6 951 934;903;1136;718;1622;394 3 48
472801 1369 3 1174 813;1358;1352 1 47
472862 1370 6 606 659;75;824;787;905;389 1 47
472991 1371 3 770 807;556;947 6 24
473312 1372 2 618 839;397 34 14
473320 1373 2 1039 529;1549 56 6
473364 1374 1 517 517 2 33
473414 1375 7 784 969;1491;228;558;1006;874;363 2 33
473431 1376 37 916 764;1367;462;739;1317;1010;838;1183;1569;657;938;68;544;795;579;494;842;482;1046;996;1395;612;1218;337;792;1467;1684;1667;752;1102;692;679;1204;175;1234;1401;809 3 48
473605 1377 1 737 737 326 34
473624 1378 5 826 1275;889;949;438;580 1 47
474206 1379 3 705 568;900;647 73 34
474438 1380 5 1070 1547;992;1136;496;1179 1 47
474696 1381 2 1135 639;1631 308 24
474704 1382 1 848 848 2 33
474822 1383 15 826 1203;1074;465;663;1307;1096;299;1337;1037;109;855;861;767;1004;312 27 27
474873 1384 3 807 553;937;931 11 11
475077 1385 5 912 1393;947;1264;431;525 9 17
475198 1386 5 706 761;961;767;544;497 2 33
475438 1387 2 1002 889;1114 90 25
475872 1388 2 768 964;572 1 47
475908 1389 4 1060 1179;814;1327;922 2 33
476319 1390 3 716 977;795;376 3 48
476395 1391 2 923 1210;636 1 47
476438 1392 4 630 712;435;893;482 1 47
476903 1393 44 1006 469;1326;754;934;1095;731;816;1157;1168;1144;1181;1253;1003;934;1685;693;687;1361;1243;625;442;1610;689;869;962;755;646;997;1128;1149;961;1185;1025;754;846;1530;883;1567;1184;1581;506;1198;747;812 129 23
477378 1394 4 1112 1449;1151;929;918 1 47
477744 1395 2 1041 1531;551 2 33
478103 1396 8 1024 1193;1290;1035;662;1003;807;974;1225 1 47
478207 1397 5 1191 926;1472;1509;1051;997 1 47
478246 1398 5 680 910;558;794;1051;85 11 11
478384 1399 2 973 824;1122 1 47
478659 1400 2 713 983;443 4 37
478885 1401 1 942 942 1 47
478927 1402 10 776 515;1715;486;1013;298;1170;730;428;789;613 49 35
478940 1403 1 568 568 2 33
479232 1404 2 447 265;629 2 33
479298 1405 9 1057 1366;800;818;1600;812;597;1447;1350;723 2 33
479416 1406 10 1034 1303;884;725;837;1344;1107;623;770;1541;1201 8 5
479670 1407 2 267 395;139 2 33
479950 1408 4 878 745;1360;500;908 31 37
480023 1409 3 1075 1160;799;1267 1 47
480581 1410 3 907 927;1003;791 2 33
481835 1411 2 629 909;349 2 33
481847 1412 2 1100 1307;894 4 37
482082 1413 12 840 839;888;632;651;923;648;1138;576;1214;1296;903;378 12 41
482231 1414 2 784 713;854 3 48
482501 1415 5 551 66;793;723;686;489 3 48
482662 1416 10 873 798;1273;661;981;1325;650;839;1093;494;617 59 8
482734 1417 4 948 1097;1316;749;629 5 10
482829 1418 3 723 990;295;884 4 37
482991 1419 1 565 565 7 5
482997 1420 2 736 999;474 2 33
483019 1421 2 932 816;1047 2 33
483322 1422 3 690 615;845;611 1 47
483369 1423 3 954 695;1534;634 4 37
483445 1424 4 852 881;560;545;1424 194 15
483808 1425 7 1120 1540;139;1026;1648;519;1582;1385 1 47
484964 1426 4 745 918;163;1252;646 12 41
485087 1427 2 914 1109;719 6 24
485155 1428 3 1242 945;1167;1614 7 5
485179 1429 8 908 850;998;1139;974;1141;414;1189;561 7 5
485818 1430 6 1018 1710;190;1047;800;1214;1150 6 24
485829 1431 2 856 663;1050 3 48
485918 1432 3 934 1177;481;1143 1 47
485931 1433 15 919 698;146;1565;1545;995;1050;695;569;696;974;1653;1110;754;943;390 2 33
488711 1434 6 826 1179;653;892;198;1449;584 222 43
488741 1435 2 1021 1349;693 1 47
488808 1436 3 908 766;1115;842 8 5
488812 1437 34 876 1042;362;589;1205;849;849;748;1284;1157;1628;749;1038;714;669;930;592;1518;448;1106;275;571;839;911;780;628;977;584;516;1539;1182;1531;538;767;653 1 47
488831 1438 3 1179 1413;1176;947 2 33
488875 1439 2 892 575;1208 54 38
489168 1440 1 484 484 4 37
489454 1441 2 660 500;821 7 5
489911 1442 37 889 1225;995;295;1081;575;835;906;524;1011;751;1589;839;1607;1002;593;1078;1169;1183;1142;1129;1442;476;834;397;612;375;1051;648;745;701;1316;859;108;1374;960;766;685 21 14
490024 1443 3 1015 1403;1010;631 3 48
490147 1444 10 886 138;656;701;1397;497;1646;368;1194;1417;844 29 3
490286 1445 2 1163 837;1489 63 43
491149 1446 4 874 496;1180;994;826 2 33
491170 1447 6 666 834;116;1125;681;461;780 17 25
491206 1448 3 944 650;685;1498 3 48
492083 1449 3 947 774;965;1101 1 47
492148 1450 2 1080 796;1365 1 47
492219 1451 2 1481 1519;1443 11 11
492265 1452 6 881 1545;792;627;614;1391;316 1 47
492802 1453 6 977 338;1576;376;978;1175;1419 1 47
496240 1454 4 773 1092;661;246;1093 46 36
496522 1455 2 445 71;819 1 47
496556 1456 2 1432 1176;1688 21 14
498004 1457 18 789 739;716;614;954;1338;587;1556;408;1031;713;387;301;896;237;973;805;911;1040 1 47
498238 1458 5 835 894;275;1480;1238;286 11 11
498851 1459 1 1511 1511 1 47
499056 1460 2 502 465;538 13 2
499166 1461 3 1155 1438;822;1204 1 47
499346 1462 6 658 1032;612;733;599;470;500 2 33
499424 1463 4 849 943;327;955;1171 1 47
499475 1464 2 688 636;741 1 47
499548 1465 3 1204 886;1701;1024 187 29
499761 1466 1 1394 1394 18 14
499920 1467 8 781 193;509;1208;960;858;973;1206;342 189 8
500006 1468 5 868 591;1237;533;1065;916 1 47
500054 1469 69 858 423;1335;375;523;490;878;880;522;1091;501;1007;1071;993;1572;1174;1554;949;478;1435;1257;721;607;709;462;619;676;757;1021;1375;654;1306;691;526;661;979;1201;629;946;952;616;1256;1542;573;1355;300;1426;1378;408;888;1268;681;549;1072;1251;1256;714;971;1632;88;667;908;380;447;91;1190;895;204;391;789 1 47
500158 1470 6 658 165;1173;562;455;654;938 6 24
500435 1471 4 992 1182;571;1171;1045 3 48
500462 1472 1 211 211 2 33
500769 1473 3 679 653;933;450 1 47
500862 1474 3 1056 921;1546;701 3 48
500961 1475 73 840 919;531;979;740;509;489;1338;1013;623;185;809;1270;989;540;1196;629;1103;530;665;1534;1209;646;1350;433;757;1462;412;729;163;960;67;1161;963;783;1015;1404;1046;639;978;1230;846;418;1331;1417;840;1071;1316;325;1482;487;1053;353;466;241;845;1210;816;634;319;1031;1147;791;817;1146;784;323;1393;597;884;1398;816;127;566 2 33
501987 1476 2 744 1073;416 2 33
504615 1477 2 938 888;989 3 48
504716 1478 5 958 1147;1200;261;1267;913 1 47
504933 1479 6 895 1222;1307;1123;377;493;849 13 2
505908 1480 4 912 1364;160;1011;1112 147 29
506411 1481 3 851 846;1127;580 24 24
510498 1482 9 914 834;557;116;1108;1136;770;1365;1227;1115 34 14
512530 1483 2 618 381;856 4 37
516229 1484 8 775 1104;763;405;392;636;1119;653;1125 2 33
524688 1485 2 1357 1529;1185 5 10
525997 1486 3 829 1517;79;891 188 42
526790 1487 3 1038 1044;403;1666 39 9
529971 1488 9 1082 440;963;1484;1276;1226;956;1520;1204;665 1 47
531008 1489 2 642 954;331 1 47
543474 1490 2 1264 982;1546 104 1
543592 1491 4 1051 604;1133;1459;1007 1 47
543656 1492 2 1180 1139;1221 3 48
543728 1493 5 1034 1128;1097;1257;1616;71 1 47
544022 1494 3 884 883;639;1131 14 29
544041 1495 11 939 827;785;696;1037;675;989;466;1396;1171;1384;898 3 48
544168 1496 2 469 676;262 10 23
544203 1497 13 839 1064;1033;595;1074;1616;648;1093;670;751;424;819;371;744 2 33
544233 1498 2 911 1099;723 4 37
544241 1499 1 504 504 13 2
544266 1500 2 688 907;469 1 47
544922 1501 4 949 933;624;1173;1065 29 3
544978 1502 7 842 1476;778;293;864;1043;1210;231 1 47
545000 1503 3 1002 1322;1063;622 8 5
545076 1504 7 1056 1042;1272;928;614;1560;1046;927 2 33
545080 1505 25 938 705;1037;916;1131;815;1201;880;231;609;1031;1124;1334;707;916;1466;893;1151;902;1261;1185;1261;106;1488;1021;72 1 47
545098 1506 7 753 792;1042;686;863;579;894;413 5 10
545109 1507 42 891 592;1106;962;891;1053;1136;899;694;741;701;103;617;1099;663;154;543;1460;688;1012;1544;962;559;353;808;912;1411;1141;303;490;1481;635;1031;1326;282;1388;882;1518;1535;912;1012;671;1165 1 47
545173 1508 1 907 907 2 33
545206 1509 3 707 192;1172;756 11 11
545241 1510 42 875 416;1269;859;697;949;994;756;238;321;817;1178;494;695;500;905;925;958;1027;1069;1373;982;830;422;1011;1278;518;1042;1390;769;1285;635;899;727;1198;1306;940;545;1550;375;921;1068;611 78 47
545247 1511 7 890 1590;1239;1008;325;647;1214;207 9 17
545267 1512 2 585 1073;97 12 41
545978 1513 2 624 549;700 13 2
546085 1514 5 893 946;1553;471;718;775 2 33
548680 1515 11 798 1150;516;743;853;520;490;319;1408;393;1449;940 88 40
551407 1516 3 916 679;895;1173 19 35
551424 1517 5 791 1170;585;840;636;722 1 47
551464 1518 2 766 686;847 1 47
551659 1519 3 775 383;312;1630 2 33
551682 1520 2 1027 507;1547 2 33
551731 1521 2 939 916;962 5 10
551736 1522 2 904 829;979 28 15
551826 1523 3 642 667;590;670 15 5
551965 1524 3 758 635;701;937 61 2
552234 1525 1 719 719 1 47
552349 1526 2 446 127;765 2 33
552547 1527 10 1077 647;963;1340;705;1740;783;835;592;1573;1591 194 15
552710 1528 3 936 866;1459;484 27 27
552749 1529 7 1024 1262;1241;1432;483;447;1427;873 4 37
552758 1530 5 842 1249;721;965;563;711 2 33
552835 1531 10 862 714;624;342;1015;1244;822;1011;331;1008;1513 2 33
552884 1532 12 841 951;186;1399;503;984;1095;820;1259;431;859;663;942 7 5
552996 1533 8 786 542;403;909;911;850;1420;473;779 15 5
553077 1534 4 1225 1501;1536;1188;675 3 48
553091 1535 5 917 1121;1061;657;775;972 6 24
553157 1536 3 734 1121;466;616 1 47
553371 1537 17 655 968;707;1372;424;519;506;531;79;497;561;1014;633;837;719;334;1264;166 14 29
553394 1538 2 795 456;1134 1 47
553425 1539 3 761 348;730;1205 9 17
553610 1540 1 788 788 15 5
553959 1541 8 696 516;1152;360;710;310;964;775;784 1 47
553985 1542 2 690 861;519 7 5
554011 1543 5 777 1402;749;190;1025;517 11 11
555668 1544 2 1119 1273;965 13 2
556133 1545 5 856 695;1147;596;935;907 1 47
556142 1546 2 1120 904;1335 3 48
556461 1547 13 630 290;589;837;272;447;550;939;237;821;639;1192;244;1131 24 24
556629 1548 3 1152 1117;916;1422 183 48
556706 1549 2 1182 1000;1365 53 45
556782 1550 8 801 631;750;733;751;911;664;284;1686 10 23
556824 1551 1 995 995 1 47
557280 1552 5 1119 1184;1545;1177;690;999 2 33
557488 1553 8 1017 969;960;1372;635;1060;1721;235;1186 8 5
557541 1554 2 966 690;1242 1 47
557583 1555 10 871 1042;529;912;1089;653;1346;1187;1338;309;302 1 47
557640 1556 1 767 767 8 5
557770 1557 3 1364 1100;1521;1470 3 48
557822 1558 1 877 877 2 33
557987 1559 6 836 641;727;791;1153;549;1153 7 5
558021 1560 5 595 1056;227;589;141;960 1 47
558065 1561 2 722 426;1019 1 47
558073 1562 2 1220 1509;932 1 47
558126 1563 5 985 608;1216;1072;1090;938 128 21
558673 1564 1 860 860 8 5
558879 1565 1 1083 1083 4 37
558883 1566 1 151 151 1 47
559181 1567 19 947 516;1291;437;948;490;1053;1123;1340;1347;1317;1014;994;654;847;1125;223;1100;1536;630 7 5
559250 1568 5 987 1407;987;653;1082;807 4 37
559295 1569 9 930 1358;584;877;542;693;1091;1102;864;1255 58 49
559375 1570 20 794 953;1719;1381;302;1116;1043;703;1049;196;422;226;706;547;799;417;763;719;1106;715;988 3 48
559413 1571 6 565 566;182;1330;354;221;737 2 33
559438 1572 2 886 647;1124 280 7
559521 1573 2 538 426;650 3 48
559665 1574 8 1081 1043;826;934;1239;1438;789;921;1460 36 20
559754 1575 4 886 970;943;689;944 1 47
559796 1576 1 1163 1163 2 33
559881 1577 5 1168 1244;997;1099;1212;1290 5 10
559908 1578 2 746 673;820 5 10
559941 1579 1 249 249 13 2
560002 1580 7 633 503;836;903;367;1083;536;205 7 5
560007 1581 2 446 600;291 103 9
560039 1582 3 1160 1391;965;1124 10 23
560088 1583 5 626 563;468;586;655;860 29 3
560148 1584 3 607 658;520;644 1 47
560251 1585 3 540 363;528;729 1 47
560274 1586 3 565 1346;280;70 202 34
561158 1587 8 1100 1356;940;673;1534;1482;1481;547;785 7 5
561521 1588 2 548 425;670 2 33
561833 1589 3 890 727;1137;805 19 35
561841 1590 2 710 645;776 24 24
561909 1591 4 911 945;1358;707;633 1 47
561938 1592 3 878 741;1301;591 12 41
562088 1593 5 1080 679;1046;791;1603;1283 2 33
562831 1594 5 1055 962;356;1522;1277;1160 20 14
563051 1595 8 966 385;1000;1019;1062;591;1034;1428;1209 17 25
563143 1596 4 812 634;859;1183;572 4 37
563270 1597 2 1712 1719;1705 83 18
563628 1598 2 367 475;259 2 33
564943 1599 3 796 615;704;1069 2 33
564951 1600 6 1066 1026;1266;1099;1234;519;1254 1 47
565038 1601 3 723 393;618;1159 2 33
565640 1602 2 625 560;690 1 47
565833 1603 34 871 877;1128;642;505;1363;660;297;555;1488;1223;542;935;544;822;1061;851;407;738;678;836;1334;1370;785;390;1357;1000;1328;587;1124;634;1013;1227;247;1063 13 2
565929 1604 4 503 325;595;951;140 1 47
566521 1605 3 937 1022;655;1135 161 24
566566 1606 6 831 580;189;1420;916;993;889 1 47
566569 1607 6 964 917;1013;835;523;876;1618 1 47
566581 1608 6 967 727;1634;1201;381;1046;812 3 48
566601 1609 2 641 383;899 1 47
566753 1610 2 1083 1166;1000 2 33
566952 1611 2 892 588;1196 17 25
566973 1612 6 742 1091;418;959;500;880;601 1 47
567109 1613 3 1044 798;1513;820 4 37
567293 1614 9 852 1019;459;577;345;918;1309;1292;691;1057 2 33
567316 1615 9 1032 970;1260;892;1007;1303;261;936;1556;1102 3 48
569497 1616 2 960 277;1644 1 47
569752 1617 8 826 1229;740;374;1044;1533;789;372;530 57 5
571660 1618 3 1006 1160;1052;806 1 47
571708 1619 7 848 712;1206;1013;638;1126;427;813 2 33
571791 1620 2 636 252;1021 28 15
571946 1621 2 1322 1113;1531 145 16
572094 1622 4 959 678;602;1435;1121 3 48
572133 1623 5 801 671;634;686;735;1280 76 20
572236 1624 1 656 656 2 33
572276 1625 22 990 1100;608;1097;968;1555;1049;989;515;1190;1303;569;421;1183;1419;893;676;1303;400;1160;1223;1369;779 299 18
574019 1626 7 615 67;744;818;867;565;702;543 9 17
574710 1627 2 728 585;871 6 24
575054 1628 1 643 643 5 10
575105 1629 5 750 101;1020;1125;1099;407 1 47
575898 1630 2 996 1355;636 1 47
575905 1631 2 1244 1401;1088 111 35
576435 1632 3 911 1345;733;655 9 17
576606 1633 3 1275 1149;1073;1602 100 14
576815 1634 2 800 774;825 4 37
576876 1635 3 1177 1349;1608;573 2 33
577250 1636 22 891 744;1140;582;965;707;1289;875;312;1203;924;1278;399;1014;1328;401;385;1056;514;532;1590;1261;1109 32 7
577483 1637 6 906 440;1637;685;540;1060;1076 8 5
577502 1638 5 861 505;834;800;750;1416 1 47
577697 1639 2 1175 1483;867 1 47
579383 1640 1 549 549 2 33
580253 1641 3 905 312;1388;1015 1 47
580270 1642 4 911 1524;1248;540;331 4 37
580609 1643 5 1022 590;576;1499;1112;1332 2 33
581199 1644 2 724 1264;183 14 29
581222 1645 46 914 202;931;722;1217;1064;991;1515;226;1272;1073;1031;1131;1346;914;341;915;1416;896;1470;730;1156;847;1250;713;1002;1067;870;735;867;1184;1128;250;944;529;511;1267;583;835;1371;926;635;807;1120;858;784;383 41 22
581295 1646 2 1090 1143;1036 19 35
581354 1647 2 1382 1488;1275 1 47
581411 1648 11 827 1116;442;849;711;862;945;1480;876;417;627;773 12 41
581654 1649 2 1048 377;1719 1 47
582013 1650 1 521 521 3 48
582559 1651 1 903 903 1 47
583278 1652 21 945 788;781;669;399;716;441;1278;789;408;1108;634;1676;1384;846;1175;1422;723;1559;449;1111;1488 25 4
583865 1653 4 649 677;742;875;302 5 10
583886 1654 4 960 1130;1218;430;1062 3 48
584064 1655 2 894 1124;665 3 48
584153 1656 9 872 420;1351;235;792;1463;1073;1169;972;370 3 48
584818 1657 4 828 959;236;549;1569 4 37
585455 1658 2 651 894;408 35 41
585475 1659 3 1074 1276;673;1274 3 48
585494 1660 21 845 1718;218;1403;974;580;656;72;545;1421;893;451;662;388;1298;585;782;1377;299;588;1107;1726 1 47
585507 1661 1 1048 1048 1 47
586765 1662 24 955 1152;868;539;1650;581;1480;1448;525;699;220;1047;855;1665;342;1216;827;683;954;965;1390;916;1293;951;657 3 48
587028 1663 3 939 891;1045;882 1 47
588427 1664 5 941 1224;846;819;810;1007 235 47
589125 1665 2 1358 1344;1371 3 48
589822 1666 3 472 716;270;430 1 47
589934 1667 3 1249 1644;773;1329 3 48
590285 1668 51 972 1425;738;460;476;1094;1353;842;275;1092;873;435;949;1493;1421;1182;754;1638;1433;950;795;587;1009;1283;112;957;1481;780;594;750;708;1724;1581;941;684;885;1675;1315;1571;428;943;1155;1262;1279;632;692;1000;578;659;552;1068;1034 1 47
590344 1669 1 1325 1325 2 33
590387 1670 1 109 109 1 47
590547 1671 4 1004 1123;724;1026;1142 6 24
590639 1672 1 696 696 1 47
591022 1673 4 789 492;1025;973;666 11 11
592586 1674 2 768 803;732 13 2
595014 1675 4 748 551;773;737;931 5 10
595042 1676 2 824 632;1017 117 18
595221 1677 2 1084 1529;638 1 47
595280 1678 4 689 524;563;910;760 306 47
595502 1679 5 1113 868;816;1428;1418;1034 2 33
596419 1680 4 1070 807;1081;1305;1086 2 33
596638 1681 3 954 502;1028;1331 1 47
596681 1682 2 1177 1091;1263 2 33
596885 1683 4 870 1290;1405;457;326 1 47
600069 1684 2 1078 1220;937 3 48
603138 1685 3 897 824;853;1013 8 5
603257 1686 1 1675 1675 114 48
603332 1687 2 1108 1721;495 12 41
604388 1688 4 771 1465;724;607;287 43 8
605494 1689 3 1184 1087;835;1631 89 29
