time jobId jobSize runtime tasks user peer
812 1 2 1040 1473;607 1 6315
973 2 22 821 875;1446;700;1001;1340;569;893;456;727;1408;502;1611;701;315;489;788;1176;623;902;462;954;126 7 1009
1419 3 3 808 419;1370;635 1 6315
1536 4 5 848 804;220;971;1497;748 1 6315
1560 5 3 693 1014;883;182 133 3425
2111 6 2 867 831;903 1 6315
4926 7 2 663 894;432 1 6315
5173 8 26 1055 1149;866;1511;856;1303;1139;1305;442;998;818;1246;971;602;1125;1731;1227;1076;1253;1068;595;755;189;1485;1504;915;1293 128 772
7816 9 40 897 989;836;711;1330;496;949;527;878;1019;1018;719;1346;1015;1418;597;747;1216;1123;1510;155;724;612;817;1215;1226;949;572;836;1174;911;749;554;834;785;1472;1068;448;698;599;1052 1 6315
8072 10 3 944 852;1237;743 2 8126
8870 11 6 1108 1272;1080;1261;987;826;1222 2 8126
10787 12 2 977 1419;535 13 7020
11667 13 4 726 1092;423;962;425 2 8126
17662 14 2 948 1270;626 1 6315
18936 15 1 503 503 1 6315
18983 16 2 974 923;1025 4 7408
19736 17 11 1005 1338;540;880;901;906;929;1237;873;1080;1511;860 17 8451
19848 18 4 1069 1104;1039;1452;680 8 3147
19890 19 2 708 615;801 5 6727
20045 20 1 1403 1403 7 1009
20156 21 28 902 670;335;1311;462;244;851;130;1183;1078;979;752;1087;521;450;1003;1399;1179;153;1271;989;1121;831;1089;1380;846;1183;1678;1082 1 6315
20215 22 3 956 962;1196;711 232 7127
20258 23 1 1012 1012 1 6315
20271 24 3 969 1430;545;931 8 3147
20356 25 6 950 1123;456;962;1337;626;1198 12 5548
20365 26 2 1334 1373;1294 91 4692
20437 27 2 752 566;937 54 2385
20442 28 2 230 129;330 2 8126
20503 29 3 825 1305;865;306 3 2095
20756 30 5 1062 594;1663;1478;220;1354 2 8126
20833 31 2 1348 1344;1352 203 1847
21660 32 3 612 763;304;770 4 7408
21759 33 1 1063 1063 3 2095
21918 34 2 843 1019;667 2 8126
22145 35 4 864 1389;814;1007;248 11 4049
23034 36 20 796 1217;958;834;453;730;1389;863;1270;1103;520;409;807;739;98;1502;784;417;207;944;674 11 4049
23169 37 2 772 1232;313 1 6315
23303 38 3 1289 1249;1010;1609 1 6315
23572 39 2 689 849;529 16 3473
23811 40 3 1231 1063;1024;1606 1 6315
23932 41 2 1020 824;1216 208 736
24404 42 2 1160 1169;1152 1 6315
24576 43 1 826 826 163 2717
24579 44 2 570 359;780 49 1157
24697 45 2 1224 843;1606 1 6315
25027 46 4 1013 1385;534;758;1375 1 6315
25186 47 1 1527 1527 1 6315
25364 48 7 952 716;728;1183;636;723;1063;1618 36 8475
25444 49 2 678 388;969 120 8391
25536 50 4 612 828;403;713;504 14 5017
25552 51 2 1060 744;1377 1 6315
25630 52 4 1066 1632;1047;1000;587 24 7419
25784 53 4 1043 1184;955;895;1138 23 3166
25805 54 29 863 1019;627;521;1442;794;421;828;1100;722;892;391;626;1598;838;1103;882;939;767;683;496;1148;428;1390;1338;1493;858;244;763;671 2 8126
25820 55 3 816 976;364;1108 1 6315
25836 56 7 881 397;943;1059;658;1345;1209;558 2 8126
25873 57 5 1187 1241;875;1460;1142;1217 2 8126
26662 58 2 456 362;550 1 6315
26681 59 12 883 88;618;793;642;1135;1385;331;1202;1299;729;996;1383 12 5548
27042 60 5 612 739;211;140;1340;630 1 6315
28491 61 5 964 686;756;996;1217;1165 1 6315
28519 62 5 1079 712;1276;1280;1102;1023 1 6315
28728 63 4 1300 1454;1567;1051;1128 190 2307
28756 64 14 910 1238;192;658;67;992;422;1184;1195;1453;568;819;1120;1102;1733 20 3581
28865 65 5 1143 821;538;1112;1721;1522 1 6315
29151 66 1 1355 1355 1 6315
29208 67 2 1072 1013;1132 242 9250
29717 68 5 1136 722;1482;1261;1225;989 134 1872
30216 69 4 1255 1113;1254;1623;1030 4 7408
30626 70 2 1584 1590;1579 1 6315
30667 71 8 877 888;192;1222;1053;944;937;791;992 1 6315
30706 72 1 855 855 4 7408
30815 73 3 878 335;1097;1203 1 6315
31227 74 3 957 1008;675;1187 2 8126
31448 75 4 942 1139;953;576;1099 1 6315
31519 76 9 1030 831;1058;1359;828;1216;801;1338;1507;328 6 3785
31602 77 3 968 1136;830;938 3 2095
31672 78 2 608 402;814 7 1009
31705 79 3 998 1220;1103;672 1 6315
31811 80 2 1084 1432;735 1 6315
31957 81 9 1139 879;1178;1517;1374;1382;931;1172;1109;710 81 4090
31959 82 2 787 1306;268 80 6285
32013 83 5 790 393;862;701;1078;915 44 6922
32115 84 3 846 1418;1005;114 1 6315
32155 85 4 758 1025;599;784;625 4 7408
32237 86 1 594 594 1 6315
32438 87 2 850 456;1243 1 6315
32465 88 1 420 420 6 3785
32513 89 10 548 360;269;861;1130;244;286;702;350;800;479 8 3147
32681 90 1 1105 1105 4 7408
32974 91 5 1104 1319;1125;945;1473;660 2 8126
33006 92 1 324 324 38 7803
33019 93 2 654 909;400 142 1979
33035 94 3 1049 854;1231;1061 10 5228
33053 95 14 822 1299;181;1102;983;1193;800;928;163;264;697;968;1410;491;1033 4 7408
33117 96 2 898 1043;753 7 1009
33244 97 3 596 946;330;511 15 7469
33292 98 8 682 1286;519;1066;296;576;358;343;1010 140 7833
33318 99 5 1068 1684;1426;1005;313;912 1 6315
33357 100 2 472 508;437 125 2061
33373 101 39 937 604;484;657;998;480;1232;427;1151;756;1380;405;684;1626;1091;945;1563;1007;987;719;543;1319;472;1378;1489;308;1259;498;1216;1340;611;1043;1470;1503;777;699;165;525;1073;1643 16 3473
33452 102 15 780 490;672;1004;1229;1184;1373;1040;157;118;591;475;405;1217;696;1051 1 6315
33466 103 4 943 685;1168;361;1559 5 6727
33552 104 3 832 623;1040;832 50 2652
33558 105 4 988 1145;964;777;1068 13 7020
33584 106 2 909 1042;776 6 3785
33873 107 2 302 516;89 1 6315
33948 108 2 426 498;355 5 6727
34015 109 19 886 703;1120;1345;964;1183;864;1019;871;959;1336;260;375;720;1515;368;1254;743;448;790 1 6315
34163 110 2 802 830;774 1 6315
34172 111 4 821 842;478;611;1354 3 2095
34319 112 2 1046 1031;1061 303 4920
34922 113 3 1033 727;1226;1147 3 2095
35082 114 1 570 570 13 7020
35110 115 6 854 1324;840;561;562;605;1229 1 6315
35457 116 17 773 729;697;107;1283;621;1306;870;448;819;737;748;498;1441;791;100;913;1025 4 7408
35580 117 5 1021 589;1210;1402;816;1086 2 8126
35622 118 2 1040 861;1218 1 6315
35700 119 2 1341 1038;1644 1 6315
35736 120 10 802 580;230;996;1425;919;487;1060;1255;780;283 253 7663
35744 121 2 1072 882;1262 1 6315
35808 122 2 1089 1004;1174 1 6315
35826 123 12 801 471;1056;1016;1287;767;489;408;1282;570;999;1180;82 2 8126
36078 124 6 840 188;860;904;850;1419;818 8 3147
36169 125 1 1176 1176 8 3147
36186 126 3 685 977;829;250 3 2095
36291 127 5 913 1297;328;1125;950;863 1 6315
36749 128 12 786 770;526;1018;363;600;1270;1381;1221;356;305;773;846 22 3251
36800 129 19 913 1310;169;1290;611;687;989;902;866;1245;926;574;704;1136;1035;969;1537;503;743;1151 1 6315
36863 130 4 901 539;630;932;1502 1 6315
36878 131 2 934 809;1059 1 6315
37090 132 6 952 1475;729;615;1437;1132;327 1 6315
37096 133 3 893 745;950;983 5 6727
37382 134 17 725 1192;649;590;528;878;727;445;1217;631;1154;265;1434;689;566;170;707;490 4 7408
37431 135 5 1168 1474;974;1203;1510;681 3 2095
37509 136 4 1174 1330;1330;1221;817 8 3147
37615 137 2 1348 1356;1341 99 6911
37698 138 3 1156 1150;1516;801 7 1009
37826 139 5 892 1202;783;1184;716;577 5 6727
38410 140 1 347 347 6 3785
38638 141 8 997 430;1420;1353;1134;1328;851;1151;310 1 6315
38657 142 3 969 770;1334;804 1 6315
38781 143 6 1021 962;1505;851;1308;624;876 7 1009
38785 144 2 1136 1691;580 4 7408
38806 145 4 724 466;578;1325;526 5 6727
39169 146 1 626 626 5 6727
39421 147 13 931 667;441;555;1133;945;396;1404;1079;865;786;1528;899;1405 3 2095
39466 148 3 1058 885;959;1330 177 126
39525 149 1 734 734 2 8126
39868 150 9 956 411;1027;1033;1566;233;1195;966;1313;864 17 8451
39910 151 2 488 202;775 86 1900
40204 152 5 819 1135;524;1302;444;691 1 6315
40229 153 2 529 766;292 1 6315
40247 154 2 568 102;1035 54 2385
40381 155 2 916 494;1339 4 7408
40419 156 2 1416 1145;1687 2 8126
40459 157 2 1340 1396;1283 6 3785
40812 158 3 1199 1619;1025;953 9 410
40829 159 6 607 1036;754;779;307;560;205 1 6315
40904 160 2 624 216;1031 1 6315
41266 161 1 1574 1574 5 6727
41296 162 10 928 1162;643;626;577;834;1058;1065;1106;1052;1161 29 5944
41325 163 11 1086 1406;1507;1261;926;1238;1311;912;1639;229;735;781 2 8126
41447 164 1 555 555 3 2095
41613 165 3 1084 1063;1211;979 1 6315
41735 166 13 750 1053;536;847;90;333;1285;753;435;926;450;561;1341;1140 1 6315
41977 167 2 966 1116;817 118 7433
42102 168 5 1238 1334;891;1030;1509;1424 9 410
42140 169 1 1100 1100 26 7660
42352 170 1 796 796 89 751
42443 171 4 861 570;976;852;1046 220 9563
42566 172 4 1079 562;1381;1464;909 209 8167
42663 173 3 1202 1409;1248;950 4 7408
42705 174 12 830 487;1246;774;142;1098;1015;841;1184;1036;511;941;685 6 3785
42954 175 11 927 674;1286;698;918;339;1247;1572;162;1149;994;1153 1 6315
42998 176 2 1296 1545;1047 2 8126
43010 177 3 368 603;215;286 19 7940
43027 178 13 1017 909;1189;1206;994;1329;539;770;1056;954;875;1088;1678;635 1 6315
43136 179 6 919 1205;594;1043;1132;218;1321 1 6315
43212 180 16 848 1082;688;61;1046;577;1374;982;1341;1070;457;392;491;955;821;966;1271 2 8126
43368 181 4 817 526;724;673;1346 46 3627
44178 182 5 862 957;330;1287;1126;612 1 6315
44199 183 5 743 581;222;1095;716;1099 1 6315
44220 184 3 749 1196;516;535 1 6315
44524 185 4 937 1416;531;788;1014 4 7408
44650 186 2 1051 1481;621 1 6315
44724 187 3 1011 1008;589;1437 1 6315
44806 188 11 957 1581;950;820;737;308;1278;655;919;974;1588;717 4 7408
44813 189 4 924 1646;760;951;339 2 8126
44860 190 4 367 201;126;463;677 7 1009
44887 191 1 1473 1473 7 1009
45119 192 6 844 871;1216;901;1064;659;354 2 8126
45153 193 2 1004 1239;769 1 6315
45289 194 1 810 810 349 4886
45317 195 3 947 1238;950;652 122 6129
45365 196 3 857 955;971;646 3 2095
45370 197 4 1172 1132;983;838;1734 2 8126
45536 198 11 976 862;460;913;1401;1099;1644;1476;802;325;908;844 1 6315
45851 199 3 589 1159;341;266 1 6315
45962 200 4 1145 1194;1280;1553;552 3 2095
46240 201 4 740 682;826;645;809 14 5017
46397 202 5 948 1182;602;641;1144;1169 2 8126
46710 203 2 910 1120;699 1 6315
46722 204 6 997 1579;747;1018;1205;432;1002 5 6727
46784 205 3 780 624;513;1203 15 7469
46908 206 3 1099 1429;1400;468 113 3808
47129 207 13 566 1055;441;483;315;499;156;690;492;520;395;670;884;754 1 6315
47466 208 2 732 1009;456 6 3785
47483 209 6 878 561;1321;517;1233;922;717 15 7469
47553 210 2 1394 1393;1396 1 6315
47664 211 2 480 676;285 3 2095
47667 212 4 982 930;455;1228;1316 5 6727
47738 213 7 896 864;1526;930;1077;392;616;867 31 8005
49664 214 2 921 918;924 4 7408
49700 215 2 644 463;826 1 6315
50156 216 5 719 988;984;627;377;618 1 6315
50224 217 2 1212 1417;1007 18 3368
50322 218 4 778 539;875;1218;479 1 6315
50339 219 2 1148 1484;813 1 6315
50423 220 30 847 563;1034;1377;849;931;518;1067;193;642;785;1064;1040;1007;366;692;551;853;1165;139;289;1556;1055;943;735;1453;1063;610;1056;1214;599 49 1157
50431 221 4 764 1297;226;1186;346 1 6315
50585 222 5 961 727;471;1206;1474;928 2 8126
50801 223 3 919 959;618;1180 134 1872
50905 224 11 871 1067;1216;238;141;473;1105;995;929;1622;1320;479 15 7469
51067 225 2 820 995;646 5 6727
51232 226 8 752 1460;404;751;874;339;323;1201;660 1 6315
51254 227 3 724 517;922;733 2 8126
51349 228 3 639 896;789;233 27 3404
51401 229 6 1147 789;1513;1247;1244;1260;831 1 6315
51412 230 26 861 883;582;1062;720;826;1205;437;414;1052;458;1252;1188;882;337;885;599;1271;752;966;605;1506;662;484;1600;1210;549 8 3147
51477 231 2 1012 571;1452 6 3785
51927 232 2 880 657;1104 1 6315
51973 233 6 1026 1106;1161;397;1515;1035;945 13 7020
52015 234 2 464 61;868 1 6315
52166 235 1 1106 1106 1 6315
52573 236 2 1070 1344;796 26 7660
53293 237 2 1060 891;1228 2 8126
53328 238 3 520 308;674;579 11 4049
53461 239 2 1015 1100;930 1 6315
53499 240 18 948 1204;968;205;960;1382;1105;334;73;1333;755;1295;797;830;1645;1464;930;823;970 1 6315
53559 241 7 788 499;704;838;282;875;1035;1283 7 1009
53608 242 5 891 722;1291;1046;887;511 4 7408
53621 243 2 864 526;1203 185 8057
53652 244 49 918 958;815;695;1245;1364;850;858;1009;1018;938;597;600;415;928;182;1326;1361;518;646;362;570;836;506;1034;1460;1113;1280;751;1248;791;606;998;1595;897;820;1275;695;1217;919;205;1142;957;389;1117;1491;1174;700;1367;1146 18 3368
54158 245 3 1003 877;544;1587 226 7226
54297 246 3 900 995;1183;521 21 7535
54347 247 7 1184 1676;304;875;1573;1641;1070;1146 1 6315
56688 248 2 772 589;955 1 6315
56868 249 3 575 850;373;502 1 6315
56923 250 5 496 622;152;355;569;784 1 6315
57065 251 3 951 948;774;1131 1 6315
57398 252 3 677 553;846;632 1 6315
58233 253 4 810 506;1237;770;725 1 6315
60256 254 5 720 793;636;782;1114;276 2 8126
61450 255 3 1055 909;1067;1189 70 2842
61630 256 2 1186 1302;1071 7 1009
61686 257 10 1075 1077;1486;797;1496;1321;513;644;757;1658;999 2 8126
62076 258 4 712 645;1224;634;347 46 3627
62080 259 3 1391 1226;1405;1543 21 7535
62880 260 3 1114 1094;1140;1107 2 8126
63537 261 2 1056 739;1373 23 3166
64879 262 4 750 836;252;1320;591 8 3147
64934 263 6 833 414;1494;1620;656;222;590 56 3200
67569 264 6 705 815;1632;105;132;994;551 3 2095
72007 265 9 917 1045;733;613;873;637;1227;422;1077;1629 3 2095
72071 266 2 934 1273;596 1 6315
72279 267 3 496 513;504;471 2 8126
72867 268 3 711 535;794;803 22 3251
73430 269 2 1161 1296;1026 2 8126
73595 270 5 830 324;727;1234;1158;706 4 7408
73807 271 1 1138 1138 4 7408
73870 272 4 832 1102;1084;744;397 3 2095
74605 273 3 922 454;771;1542 1 6315
75553 274 2 834 775;893 2 8126
75704 275 3 983 1175;1292;482 3 2095
75812 276 1 926 926 4 7408
75946 277 6 1043 877;1114;960;1244;976;1086 3 2095
80361 278 9 630 655;192;452;915;518;430;1428;542;535 4 7408
81997 279 5 867 1203;917;688;442;1086 2 8126
82070 280 2 1192 1578;807 26 7660
83670 281 6 1045 1631;466;227;1438;1166;1341 184 4768
84003 282 11 876 1323;794;868;473;1111;468;1336;1106;1662;130;360 3 2095
84191 283 3 1340 1341;1290;1388 1 6315
84489 284 2 1223 854;1592 1 6315
84812 285 12 1055 1381;1472;1365;1424;689;983;491;1180;1077;380;1427;796 1 6315
86502 286 9 849 815;195;1299;1370;1140;249;608;900;1061 1 6315
87499 287 9 856 1501;780;891;824;568;1526;176;1023;419 4 7408
87648 288 2 1158 1575;740 46 3627
87917 289 1 668 668 138 498
88186 290 8 945 701;1197;1192;1372;1040;716;661;681 3 2095
89396 291 2 522 289;755 1 6315
89680 292 2 1446 1307;1584 8 3147
90431 293 2 986 1498;474 2 8126
90592 294 2 1394 1515;1273 7 1009
97769 295 4 758 1283;658;718;374 147 329
102784 296 3 993 745;1271;963 5 6727
104046 297 1 1437 1437 2 8126
105872 298 2 1240 1528;951 18 3368
105878 299 9 808 97;1141;445;487;1428;707;1421;630;919 57 3766
105887 300 3 930 1318;936;537 1 6315
105918 301 4 665 746;310;472;1131 2 8126
106168 302 1 947 947 2 8126
106192 303 12 893 654;558;1257;1203;160;1141;725;754;1291;1079;1014;876 64 6265
106630 304 2 678 840;517 10 5228
107344 305 5 832 665;1127;323;1204;843 4 7408
107755 306 4 1276 1036;1474;1236;1360 3 2095
107807 307 7 711 472;1227;1034;714;447;571;510 179 7729
107941 308 4 710 472;222;819;1327 24 7419
108083 309 2 554 571;538 1 6315
108206 310 1 701 701 1 6315
108226 311 2 1462 1674;1249 10 5228
108373 312 2 542 658;427 12 5548
109332 313 2 627 383;871 2 8126
109462 314 2 1148 641;1656 7 1009
109520 315 3 901 603;1207;894 4 7408
109604 316 1 371 371 2 8126
109663 317 4 872 491;843;1036;1120 1 6315
109929 318 8 829 409;760;365;1332;1063;933;114;1657 2 8126
109952 319 2 812 463;1160 1 6315
110190 320 8 891 376;191;1561;530;999;634;1104;1730 49 1157
110198 321 2 764 453;1074 8 3147
110211 322 3 867 1046;1262;292 1 6315
110344 323 3 857 973;922;676 2 8126
111334 324 2 554 545;564 8 3147
111481 325 31 846 654;316;899;347;701;584;939;296;1107;1595;566;320;1002;789;1204;1223;1183;640;819;688;877;1119;874;112;277;835;1695;959;878;1218;1501 1 6315
111532 326 5 643 1032;735;144;471;835 2 8126
111608 327 3 1291 1338;913;1622 6 3785
111664 328 8 887 1110;359;528;1454;465;1127;1072;979 38 7803
111709 329 4 928 731;647;1475;857 1 6315
111778 330 9 985 1424;761;762;778;1017;958;435;1615;1116 1 6315
111917 331 4 1133 1279;1282;1029;941 1 6315
111981 332 14 851 709;1147;1085;1102;958;743;539;989;826;956;760;675;636;789 2 8126
111994 333 5 1232 1191;1407;569;1374;1620 33 5750
112025 334 1 1076 1076 1 6315
112266 335 3 1024 1535;831;705 1 6315
112335 336 24 916 661;958;685;1335;738;1507;790;476;1319;434;977;602;433;1400;1366;768;226;1508;699;1595;1198;649;800;855 5 6727
112368 337 2 625 722;528 3 2095
112479 338 4 930 696;987;974;1062 178 6916
112649 339 5 988 1277;719;775;999;1168 4 7408
112994 340 28 872 655;1287;763;891;1477;986;551;626;1270;598;226;1311;501;915;1178;968;1134;349;828;694;950;951;814;1227;1195;467;463;1139 1 6315
113138 341 1 1456 1456 328 2383
113155 342 10 776 1364;573;1270;933;1293;453;126;296;808;645 1 6315
113160 343 2 1356 1661;1050 1 6315
113269 344 3 885 980;417;1257 6 3785
113273 345 3 695 784;670;630 1 6315
113296 346 3 889 938;257;1471 2 8126
113375 347 2 669 832;506 1 6315
113694 348 3 822 979;613;873 6 3785
113869 349 1 1051 1051 14 5017
113911 350 2 1030 1205;855 1 6315
113919 351 1 973 973 78 2702
114056 352 1 815 815 2 8126
114853 353 3 673 457;881;680 14 5017
114945 354 5 806 932;1228;215;1020;635 2 8126
115069 355 4 1000 885;1301;1292;520 7 1009
115124 356 6 1292 1257;1344;1380;1299;1583;891 7 1009
115176 357 4 839 955;577;1028;797 1 6315
115191 358 2 828 517;1140 108 4194
115434 359 17 646 157;244;343;409;154;272;1336;730;517;1279;1151;381;1091;692;1010;304;909 5 6727
115441 360 10 1126 1570;1257;1233;755;1060;1017;916;1414;600;1441 1 6315
115504 361 1 1599 1599 15 7469
115607 362 15 815 1097;841;743;401;384;486;1031;1190;961;1186;978;742;1359;329;493 3 2095
115649 363 6 770 851;179;640;1362;650;937 1 6315
115719 364 7 938 1465;834;395;787;1114;1149;819 4 7408
115821 365 3 899 952;1132;613 6 3785
115835 366 2 676 1003;350 96 3611
116724 367 2 723 512;934 2 8126
118782 368 3 1188 852;1696;1017 1 6315
119027 369 6 830 478;486;421;1377;1098;1118 38 7803
119036 370 7 595 242;339;327;1157;982;825;291 1 6315
119045 371 1 767 767 58 7616
119064 372 3 795 1615;206;564 146 4185
119294 373 1 188 188 3 2095
119358 374 3 1456 1048;1644;1676 4 7408
119637 375 8 958 1258;750;1124;850;956;499;1083;1148 2 8126
119793 376 7 997 862;772;581;1366;1442;1204;751 8 3147
119798 377 53 848 496;634;1249;1288;803;1683;1590;1032;1086;783;539;792;592;1199;510;699;73;748;997;603;1124;1221;572;722;746;251;88;1075;185;1015;769;473;1390;1409;787;1382;1572;1397;735;518;428;949;77;723;936;1338;863;356;798;1017;1690;382;559 18 3368
119863 378 4 531 118;656;785;566 1 6315
119916 379 6 1014 1497;1218;966;1245;840;319 7 1009
120070 380 3 1073 1321;774;1124 173 5361
120592 381 2 1216 896;1537 1 6315
120649 382 2 704 902;507 18 3368
120933 383 10 937 553;1604;1490;811;909;930;957;609;813;697 2 8126
120979 384 2 951 858;1044 17 8451
121008 385 1 717 717 1 6315
121074 386 9 928 1290;617;1108;925;646;783;276;1473;1235 2 8126
121464 387 8 888 497;1286;772;791;952;931;846;1033 1 6315
121502 388 4 523 1027;875;117;72 2 8126
122601 389 14 751 1091;764;1457;1221;821;945;150;1228;767;323;681;522;281;262 3 2095
122732 390 5 1019 1289;634;707;935;1528 7 1009
122829 391 2 1082 990;1175 8 3147
123293 392 5 1083 870;1398;851;1243;1055 12 5548
123344 393 8 909 367;458;814;1622;554;1178;1070;1209 1 6315
123387 394 13 917 1356;1375;116;619;648;1043;989;770;950;923;890;1280;959 190 2307
123492 395 3 1033 880;1186;1033 1 6315
123527 396 25 810 484;292;1073;1372;75;176;852;1053;716;772;499;1686;766;1611;384;576;796;697;1049;758;1025;593;1004;1493;456 10 5228
124393 397 38 865 702;1270;935;1663;388;554;777;660;558;1140;582;262;621;825;904;550;1619;868;1062;1222;579;864;830;877;1128;586;886;1489;1421;215;974;912;989;959;658;695;551;1094 64 6265
124593 398 3 969 898;761;1248 119 3945
124810 399 4 858 467;916;654;1396 70 2842
125719 400 4 774 539;601;710;1246 39 2062
125803 401 3 410 400;600;231 23 3166
125903 402 1 1354 1354 122 6129
125941 403 3 910 835;1093;801 1 6315
126054 404 2 891 678;1104 2 8126
126258 405 5 872 177;744;1303;933;1205 1 6315
126438 406 2 1078 832;1323 137 2929
126538 407 3 843 665;1543;322 5 6727
126564 408 29 842 422;1387;826;1001;381;837;1014;931;858;1704;1010;1378;1222;493;1079;745;335;680;707;1075;71;1360;376;69;646;1432;1016;739;633 1 6315
126584 409 2 1416 1626;1206 11 4049
126632 410 12 1002 773;1255;768;1025;851;630;1460;1725;1221;746;953;621 5 6727
126650 411 1 1446 1446 1 6315
126720 412 4 1265 852;1379;1736;1093 1 6315
126778 413 3 988 794;574;1597 1 6315
126869 414 4 925 1386;763;1415;137 3 2095
126885 415 2 1308 1347;1270 2 8126
126974 416 1 638 638 1 6315
127139 417 2 1158 1154;1163 18 3368
127166 418 2 1243 1418;1068 261 2308
127187 419 1 986 986 2 8126
127220 420 2 516 557;474 8 3147
127298 421 3 945 1080;1268;487 4 7408
127320 422 4 828 799;533;578;1403 3 2095
127382 423 2 664 662;667 48 2068
127467 424 1 953 953 22 3251
127477 425 6 880 706;1176;668;1206;541;982 6 3785
127538 426 5 548 549;755;916;234;284 11 4049
127570 427 2 745 797;693 1 6315
128367 428 6 645 460;530;427;1050;1276;127 249 7445
128453 429 2 850 1088;612 4 7408
128835 430 6 802 534;1116;668;788;979;730 3 2095
128981 431 3 844 839;799;893 1 6315
129063 432 1 321 321 1 6315
129100 433 2 1330 1661;998 1 6315
129397 434 3 886 970;1075;614 1 6315
129738 435 1 1095 1095 4 7408
130406 436 9 942 159;80;286;1087;1731;1078;1270;1060;1723 3 2095
130456 437 4 815 563;1434;600;663 333 1892
131084 438 2 671 723;619 5 6727
131105 439 2 950 496;1405 158 9643
131211 440 13 952 1162;740;856;1705;978;550;504;1359;850;129;1288;1467;786 14 5017
131222 441 3 633 714;353;832 21 7535
131241 442 3 792 244;1677;456 4 7408
131638 443 7 997 837;233;1198;1387;1099;1136;1091 6 3785
131784 444 1 941 941 80 6285
131811 445 4 1072 700;1351;1359;876 3 2095
131859 446 10 605 1072;579;389;399;190;1093;475;300;831;719 1 6315
131890 447 4 846 1006;725;670;984 56 3200
132644 448 14 1112 1339;1510;1457;1232;1211;1300;1409;1163;733;1087;822;631;710;971 68 6473
132738 449 11 938 1145;1474;194;407;1454;867;793;1011;923;747;1301 4 7408
133108 450 4 612 614;435;191;1209 4 7408
133110 451 3 886 756;603;1299 9 410
133163 452 12 854 1157;1051;882;1115;1175;1444;772;547;622;371;530;583 8 3147
133198 453 2 1117 1273;961 1 6315
133377 454 6 899 1193;769;333;884;1258;955 2 8126
133594 455 8 971 1040;862;1149;869;577;1536;912;825 19 7940
133653 456 4 1113 1128;944;906;1473 3 2095
133692 457 2 977 840;1114 6 3785
133731 458 18 838 770;1071;843;1106;425;553;839;1129;1295;812;1703;1290;452;804;721;222;720;331 29 5944
133768 459 3 925 1195;634;947 2 8126
133771 460 8 1034 964;581;1177;1270;1259;1372;863;782 1 6315
134025 461 2 984 878;1091 3 2095
134075 462 2 1293 1169;1417 168 3975
134986 463 7 904 1627;538;1472;774;325;1088;506 5 6727
135008 464 10 1036 922;683;982;1254;537;1361;940;611;1409;1663 3 2095
135031 465 6 904 465;678;237;1637;1138;1271 3 2095
135300 466 5 983 1009;1214;513;1204;975 1 6315
135310 467 2 796 1028;565 1 6315
136117 468 3 1086 1369;617;1271 349 4886
136517 469 5 927 556;1000;842;1005;1231 43 8716
136557 470 8 651 937;687;1236;287;388;171;649;854 8 3147
136586 471 3 704 311;1183;619 1 6315
136640 472 2 556 476;637 252 5023
136647 473 5 1071 1141;1674;1038;419;1082 2 8126
136676 474 2 1112 1124;1100 1 6315
136781 475 2 774 556;992 15 7469
137269 476 3 1147 851;1351;1238 4 7408
137497 477 3 1192 1121;1188;1267 3 2095
137693 478 1 892 892 2 8126
137947 479 6 1031 1286;1328;542;899;981;1150 284 9029
138031 480 1 366 366 1 6315
138247 481 3 724 619;624;929 11 4049
138445 482 1 916 916 97 5942
138529 483 1 416 416 30 5925
138581 484 4 774 1346;842;838;69 1 6315
138637 485 2 862 623;1100 1 6315
139040 486 4 1024 1349;899;1388;462 1 6315
139471 487 2 1272 1474;1069 1 6315
139732 488 10 718 709;723;1202;1474;899;1130;198;104;91;647 1 6315
140067 489 3 1044 1206;875;1051 2 8126
140084 490 3 799 657;1439;301 1 6315
140141 491 3 1179 1256;1148;1132 1 6315
140174 492 3 844 542;1386;605 1 6315
140563 493 4 813 880;525;759;1088 4 7408
140599 494 6 1016 752;1019;911;461;1422;1532 2 8126
140604 495 28 918 1159;799;850;933;781;1321;783;1379;669;1071;1010;971;965;1287;1107;1206;700;671;627;420;890;797;991;1059;180;932;1332;810 18 3368
140613 496 4 934 1175;938;624;1001 25 4063
140660 497 3 801 999;407;996 2 8126
140733 498 1 752 752 59 986
140736 499 2 676 827;525 1 6315
141090 500 3 819 337;1261;858 276 8296
141185 501 18 858 1209;636;744;64;1157;1133;803;1626;1569;891;802;497;1013;1053;908;349;295;692 16 3473
141274 502 10 774 716;509;858;470;1542;829;669;601;804;742 44 6922
141293 503 1 931 931 15 7469
141455 504 7 1101 1089;888;658;1424;899;1649;1103 2 8126
141473 505 2 763 867;659 4 7408
141510 506 1 1051 1051 18 3368
141616 507 4 919 658;1254;840;924 179 7729
141787 508 2 1306 1351;1260 4 7408
141899 509 2 704 824;584 50 2652
141978 510 2 1259 1424;1094 2 8126
142111 511 1 553 553 7 1009
142123 512 4 1049 1639;1145;798;614 3 2095
142252 513 1 501 501 10 5228
142774 514 2 852 1493;211 1 6315
142879 515 3 1098 1270;1402;622 215 8988
144097 516 6 858 1153;757;1145;231;1135;726 7 1009
144133 517 2 862 808;916 20 3581
144285 518 4 460 223;335;862;419 2 8126
144343 519 4 836 656;1057;1309;322 3 2095
144396 520 10 941 1190;541;1051;1468;611;1141;768;1353;739;548 2 8126
144523 521 7 799 767;558;890;220;1302;1111;746 8 3147
144545 522 23 872 772;596;1554;388;1123;809;225;1229;780;1188;1118;1183;648;691;299;1395;891;648;374;1271;771;1239;869 1 6315
144653 523 2 951 1683;219 1 6315
145047 524 1 1329 1329 3 2095
145401 525 1 1088 1088 4 7408
145463 526 3 626 601;661;615 2 8126
145782 527 2 814 1109;519 45 2758
146802 528 1 589 589 8 3147
146903 529 2 710 585;834 97 5942
146971 530 2 774 1112;436 54 2385
146983 531 1 1302 1302 26 7660
147116 532 7 1228 1172;1231;878;1337;1324;1499;1153 2 8126
147657 533 4 715 660;920;803;477 50 2652
148368 534 2 1212 1099;1325 250 7598
148389 535 3 843 656;544;1328 34 6320
148450 536 2 854 381;1327 1 6315
148456 537 2 1029 1204;854 51 53
148622 538 3 1069 1305;1034;868 1 6315
148689 539 13 917 1532;1393;459;719;1106;532;699;860;1128;147;778;1483;1087 4 7408
150578 540 3 1013 1539;846;655 109 8212
150786 541 4 1004 1506;1128;730;651 6 3785
151062 542 3 800 911;691;798 7 1009
151082 543 1 940 940 18 3368
151107 544 12 949 633;1159;670;762;851;807;1307;1233;718;850;1274;1122 68 6473
151209 545 3 799 1257;925;215 97 5942
151853 546 1 1236 1236 4 7408
152096 547 3 877 864;414;1352 10 5228
152287 548 7 877 1218;900;1043;575;328;1140;933 1 6315
152623 549 3 1198 1035;1369;1190 1 6315
154818 550 1 956 956 353 6169
155009 551 3 965 706;931;1259 48 2068
155858 552 3 774 1395;863;64 59 986
155879 553 2 562 623;500 2 8126
155959 554 5 722 1265;650;492;1017;187 13 7020
156380 555 2 817 467;1167 15 7469
156544 556 12 905 774;1224;720;929;1507;1182;335;846;1267;682;972;427 16 3473
156554 557 1 1485 1485 8 3147
157300 558 9 724 1132;1167;1146;302;400;547;472;666;680 47 1203
157973 559 2 1033 765;1301 2 8126
158186 560 2 804 745;863 2 8126
159388 561 2 768 952;584 10 5228
159482 562 4 1204 1588;1254;768;1207 86 1900
159923 563 2 519 163;875 9 410
160129 564 1 1607 1607 2 8126
160245 565 10 721 634;399;997;604;1127;701;628;1039;710;367 2 8126
160312 566 2 761 656;866 9 410
160340 567 2 864 1241;488 9 410
160415 568 8 1089 1249;1069;1364;1324;536;1541;881;751 87 1384
160711 569 2 1016 1072;959 120 8391
160918 570 8 919 812;1321;639;621;771;1024;661;1503 2 8126
161061 571 1 624 624 39 2062
161164 572 11 937 1656;1273;527;962;905;593;316;1512;889;428;1241 1 6315
161224 573 12 927 729;491;943;1145;1476;954;570;1258;989;375;1368;822 1 6315
161529 574 6 800 1130;85;849;948;621;1170 1 6315
163560 575 2 982 1046;919 2 8126
164694 576 2 1174 844;1505 15 7469
165923 577 3 403 163;345;701 1 6315
166078 578 3 991 1119;1026;828 8 3147
167467 579 8 681 1227;299;666;644;930;364;813;502 2 8126
168808 580 48 872 88;998;1166;585;464;1322;976;765;601;1212;1049;848;475;1010;1429;925;799;724;1035;874;821;1735;1176;810;1429;658;866;687;772;480;1347;628;787;950;520;224;1002;812;865;1036;413;1324;168;630;1535;847;743;1232 1 6315
171367 581 9 883 375;1580;769;1032;825;1261;409;700;998 7 1009
173604 582 2 524 875;174 2 8126
173974 583 5 722 1019;529;1066;872;122 33 5750
174062 584 5 846 385;699;1500;666;982 12 5548
174657 585 6 952 1135;1249;528;967;1165;671 17 8451
174756 586 7 989 872;813;1661;1087;673;669;1146 16 3473
177113 587 1 1382 1382 24 7419
177380 588 2 856 858;855 3 2095
178707 589 3 780 162;1070;1109 2 8126
182431 590 3 563 408;480;802 1 6315
183492 591 1 1046 1046 1 6315
195657 592 2 1126 1202;1049 364 3258
195682 593 4 673 824;673;444;752 3 2095
195689 594 6 1029 570;577;937;1163;1468;1461 1 6315
195702 595 3 968 574;950;1380 152 735
195785 596 2 1138 754;1522 1 6315
195824 597 12 996 608;1063;1288;748;1613;1120;1215;326;801;1446;530;1195 1 6315
195942 598 9 888 1499;970;406;1540;668;68;925;613;1306 5 6727
196030 599 7 830 451;976;867;669;1141;350;1355 1 6315
196047 600 3 825 628;876;971 4 7408
196143 601 1 506 506 1 6315
196388 602 2 927 480;1374 2 8126
196495 603 4 1154 1028;1457;1249;883 4 7408
196561 604 11 1119 1236;1432;1144;781;1733;441;967;1575;1220;1264;519 2 8126
196595 605 2 984 1019;950 1 6315
196665 606 2 1254 973;1536 19 7940
196954 607 2 836 1119;554 2 8126
197316 608 1 283 283 46 3627
197432 609 2 1022 1147;898 3 2095
197521 610 6 744 499;964;517;1066;727;688 1 6315
197619 611 16 900 1085;499;320;1133;516;1204;920;1274;1098;779;1053;839;992;1672;375;641 4 7408
197802 612 3 715 336;833;976 1 6315
197822 613 2 1406 1522;1289 3 2095
197829 614 2 962 1395;530 5 6727
198209 615 1 875 875 1 6315
198293 616 3 956 1384;924;560 1 6315
198609 617 37 830 1414;665;1307;297;825;726;1079;801;363;383;185;1175;1155;876;1461;655;446;715;1552;1237;1127;402;815;1616;1003;1119;569;290;753;392;390;1189;340;642;674;728;1340 3 2095
198611 618 1 972 972 1 6315
198631 619 1 594 594 5 6727
198674 620 1 1193 1193 1 6315
198725 621 4 625 269;1506;550;175 5 6727
200107 622 1 1525 1525 8 3147
200471 623 1 914 914 27 3404
200485 624 2 1287 1220;1354 1 6315
200488 625 3 620 391;320;1148 1 6315
200679 626 3 900 1065;425;1210 1 6315
200862 627 3 971 755;871;1288 2 8126
201487 628 5 974 1370;672;589;1239;1000 31 8005
201655 629 2 453 727;179 10 5228
201723 630 8 914 847;1213;639;1055;1386;649;742;779 13 7020
201766 631 7 906 264;927;1694;1015;285;1008;1151 19 7940
202711 632 2 1170 1352;987 2 8126
202831 633 3 894 952;959;771 2 8126
202849 634 2 620 525;714 15 7469
202958 635 4 729 448;907;607;953 4 7408
202963 636 5 1038 832;1062;1222;1095;978 96 3611
202970 637 3 763 1135;984;170 1 6315
203018 638 3 990 542;1156;1273 95 1212
203151 639 9 817 468;506;957;1105;191;678;1094;1546;807 24 7419
203212 640 1 602 602 6 3785
203251 641 4 766 474;582;982;1025 1 6315
203284 642 7 955 1319;696;1168;358;1555;516;1072 2 8126
203433 643 1 1105 1105 7 1009
203452 644 2 620 132;1109 277 8035
203557 645 10 984 643;840;462;1523;763;1125;1636;968;987;895 1 6315
203604 646 16 965 652;999;1074;1162;960;1076;1290;848;1338;931;1404;480;455;1389;856;533 1 6315
203682 647 8 972 575;1501;607;1464;168;1313;1136;1015 1 6315
203828 648 9 833 703;607;421;987;1223;953;454;766;1384 4 7408
204439 649 7 838 1201;315;904;928;883;978;655 1 6315
204458 650 3 646 496;967;474 4 7408
204621 651 4 1092 1706;924;629;1110 49 1157
204777 652 5 804 737;387;894;954;1050 80 6285
205326 653 4 874 871;1511;690;425 18 3368
205393 654 4 968 447;755;1581;1088 4 7408
205407 655 2 1191 1595;787 14 5017
205647 656 3 772 924;713;680 1 6315
205712 657 6 949 985;935;595;956;1304;919 3 2095
205999 658 5 864 747;1149;604;790;1029 235 4020
206136 659 2 968 1473;462 70 2842
206366 660 2 1230 1381;1079 10 5228
206397 661 2 1151 631;1671 4 7408
206403 662 4 533 444;651;285;751 46 3627
206625 663 3 823 695;937;838 6 3785
206713 664 7 1166 1269;933;1503;596;1096;1085;1678 12 5548
206826 665 3 689 1047;515;505 2 8126
206852 666 3 772 61;1168;1086 5 6727
206905 667 2 1066 1735;397 1 6315
207049 668 18 882 476;156;1078;1519;912;640;388;1070;1575;679;960;579;805;485;1541;561;848;1597 1 6315
207063 669 2 1064 1289;840 7 1009
207113 670 3 755 664;1181;419 14 5017
207541 671 1 898 898 12 5548
207548 672 3 1011 1171;1041;821 14 5017
207556 673 2 820 905;736 229 9831
207718 674 3 522 244;518;803 1 6315
207861 675 1 188 188 2 8126
208136 676 3 500 282;560;657 1 6315
208162 677 5 782 327;992;753;1209;629 4 7408
208175 678 1 125 125 105 5119
208479 679 3 761 762;854;666 53 7623
208612 680 12 1060 1394;1026;875;964;742;932;1084;1619;1606;806;1242;427 1 6315
208676 681 12 1024 970;1692;1679;784;1633;589;605;970;1208;1234;150;780 4 7408
209366 682 1 1176 1176 1 6315
209481 683 4 866 670;935;300;1558 1 6315
209580 684 4 1085 1411;828;930;1171 1 6315
209636 685 4 1060 891;1289;895;1163 2 8126
209655 686 5 965 1011;1143;373;1489;809 1 6315
210100 687 2 935 736;1134 124 9221
210273 688 42 900 964;1356;1042;765;289;1344;836;963;712;181;1466;383;911;528;1013;1030;1361;977;1537;1021;805;560;1038;961;361;619;1146;658;1040;1399;785;772;1402;840;490;278;1291;499;1282;492;1303;1095 4 7408
210345 689 4 791 930;1314;151;769 8 3147
210640 690 7 1072 1733;702;1202;481;883;1390;1111 3 2095
210901 691 3 714 615;625;903 9 410
211215 692 4 477 104;551;334;919 4 7408
211233 693 19 755 428;937;885;509;917;718;687;1074;681;1480;1029;517;861;694;218;1059;266;569;816 54 2385
211238 694 5 1001 1218;1079;1266;418;1026 123 8020
211266 695 2 910 737;1083 4 7408
211710 696 2 986 1275;698 126 5486
211860 697 1 1344 1344 31 8005
211906 698 3 946 1110;494;1234 11 4049
211969 699 9 1001 1337;527;1574;845;822;807;989;932;1178 5 6727
212151 700 4 694 656;458;980;684 1 6315
212564 701 17 1089 1505;950;1046;1596;1087;1215;761;1350;1065;804;873;1033;1486;898;568;1023;1257 1 6315
212632 702 2 936 795;1076 1 6315
212722 703 2 1041 801;1281 346 5235
212756 704 4 1072 1479;951;142;1718 81 4090
212942 705 2 742 876;609 5 6727
214499 706 2 1056 790;1322 22 3251
214585 707 1 933 933 1 6315
214594 708 5 923 746;770;840;905;1356 13 7020
216103 709 4 798 1474;717;397;603 1 6315
218180 710 2 638 897;378 2 8126
218252 711 4 1090 1173;1136;1235;818 1 6315
218269 712 8 930 1259;652;1364;1201;1447;497;687;336 351 3986
218474 713 9 975 731;594;1136;1314;444;1347;1264;947;1001 1 6315
218834 714 23 764 1703;603;756;690;688;607;810;539;533;529;1085;1101;1131;679;823;133;614;1272;706;871;876;400;426 134 1872
219289 715 4 858 88;1345;508;1491 5 6727
219402 716 5 1163 689;1353;1183;1044;1545 3 2095
219526 717 8 1046 210;1032;1409;1217;1580;1586;584;746 162 8005
219669 718 5 1167 667;1309;598;1702;1557 6 3785
219924 719 4 896 450;1441;766;925 6 3785
220000 720 26 913 1517;261;1064;694;1174;970;1125;977;922;808;834;654;504;1718;696;101;1322;416;1174;1548;796;931;812;441;1196;1079 26 7660
220019 721 2 1554 1507;1601 1 6315
221080 722 3 700 753;949;398 4 7408
221137 723 2 1060 1321;798 17 8451
221202 724 3 995 1396;1098;491 2 8126
221285 725 10 819 1398;819;465;430;1368;680;1529;1151;274;73 38 7803
221401 726 8 982 1011;587;471;943;979;1192;1384;1293 52 1290
221452 727 4 942 1429;1168;780;391 2 8126
221501 728 2 1060 1051;1069 1 6315
221555 729 2 986 923;1049 4 7408
221560 730 2 982 957;1006 19 7940
221654 731 5 814 967;909;442;648;1103 9 410
221992 732 2 652 580;723 2 8126
222135 733 3 655 843;683;440 2 8126
222138 734 2 630 891;369 32 7399
222818 735 5 822 485;863;750;914;1097 22 3251
227859 736 22 712 1454;1270;502;567;571;911;698;861;844;495;1386;568;410;202;899;479;570;894;1024;64;481;522 4 7408
228234 737 4 1110 1526;760;454;1700 12 5548
228239 738 3 1377 1396;1125;1610 3 2095
228300 739 2 1343 1352;1334 1 6315
229078 740 5 796 1001;278;102;976;1623 6 3785
229090 741 3 674 805;515;702 1 6315
229157 742 2 812 1036;588 2 8126
229301 743 4 836 644;783;1288;629 1 6315
229359 744 2 732 1194;271 2 8126
229732 745 2 875 1133;617 5 6727
229779 746 5 831 674;587;1348;463;1082 67 3487
229803 747 3 1119 1520;203;1633 225 199
229990 748 4 1032 757;747;1435;1189 1 6315
230004 749 38 1006 1448;822;1058;982;1673;642;984;1088;1157;691;1622;951;1102;1123;716;1324;514;1150;1411;974;595;674;1220;608;849;1315;927;1358;404;717;745;1178;1044;1101;1299;1362;735;646 2 8126
230097 750 9 797 150;487;824;245;1063;1696;1016;295;1395 1 6315
230383 751 4 928 386;1083;1240;1004 6 3785
230617 752 2 865 618;1112 144 2319
230859 753 2 1218 1212;1225 17 8451
230888 754 5 767 1067;330;619;1308;513 119 3945
230940 755 8 992 1065;1156;1464;745;1435;391;1055;622 13 7020
231093 756 2 1174 1126;1222 5 6727
231210 757 2 986 752;1219 21 7535
231474 758 11 808 250;322;735;552;1354;1190;552;519;1654;346;1409 2 8126
231661 759 8 768 359;523;432;1063;964;977;724;1098 1 6315
231737 760 4 757 1357;584;485;601 85 2076
231783 761 4 898 970;1080;225;1318 4 7408
231807 762 49 900 621;1036;1155;1445;1106;252;1069;1308;292;695;995;705;1415;157;930;903;414;1452;1141;866;1177;687;834;660;1210;471;989;551;666;1221;1153;958;1100;997;1206;1326;320;1515;835;531;1229;1280;989;596;1061;1015;508;752;296 4 7408
232126 763 2 1068 1130;1006 1 6315
232233 764 15 859 352;1226;1027;1298;138;533;406;771;1326;896;1074;814;655;1702;667 8 3147
232714 765 2 954 1244;665 2 8126
232787 766 6 820 229;504;1227;862;1208;888 31 8005
233248 767 12 925 1323;873;794;973;1466;1069;1383;727;527;706;740;516 16 3473
233569 768 3 1302 1523;1275;1108 1 6315
234547 769 2 609 776;442 1 6315
235034 770 5 774 853;1286;400;364;969 3 2095
235467 771 2 618 628;609 1 6315
235547 772 2 721 175;1267 6 3785
235665 773 2 1054 1041;1066 14 5017
236326 774 2 904 991;817 3 2095
236418 775 3 1009 1421;1041;566 23 3166
236527 776 2 665 1270;60 1 6315
236589 777 14 799 552;220;775;999;573;1017;547;986;584;646;837;851;1210;1383 2 8126
236715 778 2 406 738;73 1 6315
236737 779 6 849 665;775;856;1117;317;1364 1 6315
236814 780 3 804 972;528;913 92 5930
237111 781 3 906 1222;680;815 1 6315
237432 782 5 1182 952;1177;822;1417;1541 16 3473
237453 783 2 994 1043;946 5 6727
237554 784 2 1076 890;1263 108 4194
237676 785 3 872 480;1349;787 4 7408
238768 786 2 1442 1558;1326 1 6315
241564 787 3 1498 1559;1304;1631 2 8126
241653 788 9 934 686;1204;723;865;1597;1513;274;887;657 2 8126
242350 789 8 877 1078;1008;529;927;1159;527;1209;580 1 6315
242766 790 2 1115 1461;769 5 6727
242863 791 1 1068 1068 1 6315
242927 792 3 900 414;1422;864 1 6315
243150 793 7 958 1099;706;1089;533;901;1343;1033 2 8126
243924 794 4 979 693;1421;716;1086 1 6315
245599 795 3 985 680;1306;969 1 6315
246008 796 2 1224 1010;1437 1 6315
246219 797 3 1048 1021;863;1260 1 6315
246429 798 4 854 977;1345;701;394 9 410
246822 799 3 881 1199;564;879 34 6320
246904 800 2 1196 995;1398 1 6315
246991 801 1 1384 1384 2 8126
247740 802 2 1248 1446;1050 225 199
247875 803 2 726 632;821 1 6315
248233 804 2 787 554;1020 6 3785
248369 805 2 1088 1359;818 1 6315
249002 806 2 1180 1690;669 2 8126
249201 807 5 932 888;1178;427;736;1432 2 8126
249644 808 4 676 91;1272;474;869 65 3213
249950 809 26 847 632;704;613;926;768;554;1449;973;105;580;1215;1041;629;483;503;1305;613;855;1659;1112;1327;489;1264;535;972;712 76 4866
250761 810 2 918 948;889 3 2095
250885 811 2 997 874;1120 1 6315
252194 812 3 980 983;468;1489 71 3899
252520 813 18 907 684;876;1128;758;531;942;816;778;452;870;1659;1301;442;1516;423;468;1511;1172 2 8126
252568 814 3 678 189;597;1247 23 3166
253644 815 3 893 1158;1025;496 4 7408
255667 816 4 737 545;1379;460;563 8 3147
255816 817 3 681 586;731;726 1 6315
256531 818 10 823 1050;923;228;533;981;1006;1673;781;612;442 2 8126
257615 819 6 1174 1018;1211;1406;1662;214;1530 1 6315
258584 820 3 1130 1233;985;1173 4 7408
259442 821 2 652 514;790 1 6315
259470 822 5 717 531;746;1104;585;617 1 6315
260760 823 2 650 738;561 2 8126
260881 824 7 683 260;692;1379;558;993;546;353 1 6315
261154 825 3 587 684;532;545 13 7020
261662 826 68 899 1343;1027;533;506;1187;829;977;983;1425;1471;627;1692;894;468;1288;1128;494;968;1007;911;1022;1274;868;1048;910;831;204;958;721;1157;506;668;289;783;1574;840;461;1003;694;1608;927;1243;778;827;636;1136;1322;955;691;833;1050;841;1303;317;954;1642;891;1248;759;1000;262;135;309;409;939;551;389;1607 1 6315
262391 827 3 740 691;931;598 5 6727
262531 828 5 1311 882;1520;1314;1215;1622 1 6315
262652 829 7 588 752;229;616;272;506;454;1286 3 2095
262701 830 8 861 266;451;1320;826;1019;685;1579;740 3 2095
263911 831 1 539 539 1 6315
264441 832 10 811 1309;1013;410;1121;305;781;888;436;1303;541 19 7940
269600 833 2 858 811;905 1 6315
270048 834 2 720 890;551 38 7803
283582 835 5 899 843;970;872;1191;619 9 410
283929 836 2 1094 1424;764 1 6315
284008 837 7 1018 815;1242;517;677;1360;1118;1394 1 6315
284209 838 1 1172 1172 1 6315
284375 839 3 1210 923;1289;1418 1 6315
284403 840 29 928 1106;1292;1125;1407;1030;898;1072;1376;700;629;426;1134;196;1078;932;544;709;684;1519;1300;782;1050;383;1125;617;1168;660;809;1151 178 6916
284463 841 2 810 733;888 11 4049
284483 842 4 692 80;1189;413;1085 5 6727
284588 843 3 1229 1039;1066;1583 4 7408
284621 844 7 948 739;379;1030;1431;938;926;1191 19 7940
284634 845 4 622 1243;211;457;577 1 6315
284644 846 1 770 770 27 3404
284684 847 5 962 424;947;876;1371;1193 46 3627
284774 848 15 866 590;1244;1071;1367;902;362;1569;266;828;1144;649;1085;221;655;1034 3 2095
284802 849 3 707 529;960;632 2 8126
284938 850 7 1166 740;1734;434;1433;1275;1369;1177 41 5107
285577 851 2 654 562;746 1 6315
291508 852 2 884 671;1097 1 6315
291597 853 5 1037 874;796;1033;1362;1122 7 1009
291635 854 5 864 1380;360;805;624;1151 1 6315
291740 855 3 1249 1262;783;1702 19 7940
291917 856 1 484 484 2 8126
292134 857 7 856 656;725;995;1093;757;545;1222 145 6857
292160 858 2 1062 871;1254 4 7408
292271 859 1 843 843 44 6922
292289 860 2 948 646;1251 15 7469
292308 861 1 1381 1381 2 8126
292332 862 2 769 466;1072 21 7535
292403 863 2 1357 1511;1203 5 6727
292816 864 7 1069 1245;1208;1111;708;1125;818;1268 9 410
293103 865 3 987 1025;831;1104 1 6315
293186 866 3 545 673;589;372 2 8126
293695 867 2 1344 1289;1398 1 6315
293737 868 34 897 1451;794;549;784;885;1409;318;505;680;958;1117;1217;1215;699;1491;493;430;715;1413;950;1003;670;912;392;1353;850;1084;775;158;523;1423;1006;1162;1113 4 7408
293871 869 15 1089 760;1287;1436;1306;788;783;1169;1495;1187;806;799;1086;871;1139;1427 39 2062
294025 870 4 853 1005;806;416;1185 1 6315
294029 871 4 1031 346;1159;1443;1177 2 8126
294124 872 3 797 302;672;1417 1 6315
294322 873 1 371 371 1 6315
294819 874 13 1102 338;1536;934;1328;1640;950;508;1304;1283;1033;1182;1221;1074 2 8126
295942 875 3 689 134;972;960 32 7399
295991 876 3 637 702;757;451 30 5925
296045 877 3 1042 1003;1655;469 3 2095
296068 878 6 830 988;1227;791;462;399;1110 1 6315
296077 879 5 435 376;506;337;747;209 36 8475
296141 880 6 802 525;1500;804;311;690;983 3 2095
296158 881 3 772 167;1200;949 12 5548
296328 882 2 640 900;379 9 410
296441 883 3 896 921;1282;484 1 6315
296461 884 9 839 1090;1044;555;1150;932;313;913;563;992 12 5548
296732 885 3 1176 1431;1508;590 1 6315
297394 886 6 838 1235;862;566;830;731;801 304 2267
297466 887 3 1132 1366;1216;815 6 3785
297534 888 3 1107 975;1334;1013 3 2095
297618 889 8 1020 1063;645;933;1391;1173;923;1156;876 28 6393
297651 890 2 760 356;1165 1 6315
297976 891 12 884 1586;787;318;903;180;1059;398;997;1340;1348;956;734 13 7020
298119 892 1 192 192 3 2095
298130 893 1 1110 1110 3 2095
298166 894 3 815 689;701;1056 18 3368
298211 895 1 1731 1731 3 2095
298315 896 6 1259 1539;1372;1315;1390;646;1291 1 6315
298568 897 9 847 224;149;1183;925;191;1612;704;1517;1117 2 8126
298895 898 21 877 743;608;745;538;934;1559;943;1052;1123;930;677;826;120;777;1373;1356;1282;494;681;315;1351 1 6315
299042 899 2 768 1052;483 2 8126
299195 900 8 877 837;895;1003;739;1571;907;929;135 4 7408
299239 901 2 1512 1732;1291 5 6727
299289 902 2 916 845;988 11 4049
299308 903 1 1021 1021 11 4049
299321 904 4 649 855;836;223;683 111 9892
299432 905 2 971 1022;920 88 6207
299993 906 4 1026 851;1206;777;1271 83 4448
300072 907 3 1122 1004;1562;801 23 3166
300112 908 2 1270 1324;1216 33 5750
300424 909 2 1132 1455;808 1 6315
300452 910 3 1033 1042;1703;354 13 7020
300492 911 2 1141 641;1641 4 7408
300669 912 5 1052 954;1153;865;924;1366 2 8126
300716 913 2 758 930;585 32 7399
300782 914 1 956 956 1 6315
301016 915 4 998 316;945;1012;1720 1 6315
301261 916 33 877 528;947;900;681;1534;915;373;595;1327;1067;1590;1266;1150;1386;1022;329;451;860;864;1001;203;786;1335;989;751;584;113;974;662;1248;724;812;968 2 8126
302491 917 4 900 584;976;1081;961 3 2095
302637 918 4 793 820;845;750;756 1 6315
302715 919 2 1157 1199;1115 5 6727
302749 920 4 846 421;1123;918;923 5 6727
302759 921 8 782 592;941;528;928;684;509;938;1132 1 6315
302776 922 57 844 840;561;625;897;702;1048;441;596;130;564;762;1226;829;1392;1056;1567;1637;1271;1384;1030;937;1029;1336;452;933;473;842;474;1461;733;417;149;575;891;680;806;1387;1257;963;631;1307;425;1017;976;675;305;181;916;449;1150;909;744;765;1191;702;1052;379 1 6315
302882 923 4 658 348;1021;713;550 2 8126
302890 924 19 938 1293;1220;168;311;1021;1158;616;743;1028;939;1298;745;731;1198;858;1093;1088;672;1650 2 8126
302909 925 2 745 338;1152 2 8126
302988 926 3 787 877;325;1158 112 3916
303016 927 3 930 836;532;1421 1 6315
303064 928 2 772 906;637 3 2095
303079 929 4 992 1319;326;1194;1129 1 6315
303085 930 4 985 1424;731;1058;728 39 2062
303262 931 11 835 1222;266;1065;1062;469;896;1125;537;975;505;1061 256 1095
303544 932 2 843 976;710 1 6315
303608 933 4 909 985;711;1058;881 6 3785
304051 934 6 1027 411;978;1692;318;1373;1390 24 7419
304461 935 4 838 669;544;1003;1138 29 5944
304697 936 3 1117 1152;1018;1181 1 6315
304727 937 2 1012 744;1281 11 4049
304872 938 2 728 854;601 2 8126
305149 939 5 1089 679;1732;1162;1199;675 52 1290
305490 940 10 803 338;1190;882;822;946;1357;158;1030;855;448 1 6315
305514 941 15 991 965;1061;781;1202;1063;158;1468;608;1078;1212;1094;1347;1383;714;732 2 8126
305828 942 3 953 1252;894;713 1 6315
305905 943 2 438 715;162 159 8042
305951 944 1 869 869 157 5973
305987 945 5 885 630;826;1327;1237;405 1 6315
306106 946 2 911 780;1042 2 8126
306318 947 5 1139 1388;1310;1627;753;617 216 190
306352 948 12 965 1055;999;1058;1311;703;841;1013;1134;1012;693;543;1219 1 6315
306492 949 11 1054 1010;1216;341;812;1554;1575;1041;1134;1166;1274;466 2 8126
306999 950 4 879 192;1186;1054;1084 3 2095
307228 951 4 1150 1198;1143;1431;827 3 2095
307617 952 11 830 675;399;1047;895;1013;490;442;663;973;1145;1387 13 7020
308014 953 2 874 764;985 33 5750
308943 954 6 1046 1455;1299;869;1543;432;681 1 6315
308985 955 2 1236 1377;1096 5 6727
309107 956 4 847 870;665;856;997 1 6315
309580 957 1 661 661 9 410
309873 958 2 498 626;371 4 7408
310000 959 6 988 1043;1036;711;1073;1001;1063 4 7408
310246 960 1 1064 1064 14 5017
310364 961 13 990 1582;830;606;1389;674;1236;753;838;329;1428;681;919;1610 4 7408
310427 962 2 660 415;906 322 4475
310439 963 4 804 583;1242;154;1235 2 8126
310574 964 1 1139 1139 162 8005
310748 965 4 932 613;1738;477;901 39 2062
311237 966 2 913 757;1069 2 8126
311456 967 9 1121 1237;1718;1392;592;897;1144;1203;1495;411 1 6315
311859 968 3 896 759;1376;554 13 7020
311900 969 2 1026 1035;1018 2 8126
312361 970 15 1026 709;1707;727;1362;1125;1352;958;1313;1423;788;1504;920;522;549;434 1 6315
313691 971 1 1346 1346 2 8126
314078 972 1 675 675 2 8126
314084 973 22 1102 1332;1416;1132;1394;507;1194;800;756;1391;688;1531;713;1262;1025;1465;1468;1090;1056;581;926;1314;1199 2 8126
314433 974 11 751 669;697;545;245;1232;1132;993;948;595;510;690 27 3404
314497 975 5 842 408;577;1338;1205;683 1 6315
314712 976 14 894 624;1692;763;200;623;1333;738;585;1091;1262;1195;716;536;1160 5 6727
315608 977 5 1233 1120;1440;1227;1128;1250 18 3368
315719 978 4 799 859;523;710;1105 219 5236
316137 979 15 853 797;1544;1287;1153;1098;1200;104;196;762;1287;794;341;799;535;899 44 6922
316163 980 2 1010 1280;741 24 7419
316200 981 2 1179 1165;1193 42 7928
316240 982 2 314 246;383 108 4194
316318 983 7 836 493;1005;1701;271;897;418;1070 67 3487
316351 984 1 976 976 1 6315
317169 985 2 706 848;564 203 1847
317302 986 2 802 744;860 3 2095
317802 987 4 848 748;1317;123;1202 1 6315
317830 988 8 1014 1681;1215;1465;647;869;697;409;1126 49 1157
318245 989 3 676 511;1044;474 2 8126
318743 990 2 674 627;720 32 7399
319226 991 3 525 236;796;544 49 1157
319261 992 5 1001 852;821;1196;1496;638 2 8126
320813 993 1 809 809 1 6315
320903 994 2 770 920;620 4 7408
320962 995 2 322 147;496 3 2095
321044 996 2 1424 1394;1454 4 7408
321199 997 3 934 1184;551;1066 1 6315
321447 998 1 291 291 7 1009
321538 999 1 528 528 39 2062
322562 1000 2 812 499;1125 5 6727
322908 1001 3 1061 1019;1227;937 125 2061
325850 1002 9 967 1169;872;1244;1245;432;889;695;1247;914 2 8126
325893 1003 4 1178 1238;743;1543;1186 5 6727
326027 1004 2 791 932;650 2 8126
326888 1005 5 892 820;1310;762;591;978 101 3491
327265 1006 2 1018 997;1040 2 8126
327314 1007 1 445 445 35 5083
327571 1008 1 776 776 1 6315
328559 1009 2 806 1278;333 2 8126
328969 1010 1 366 366 1 6315
329275 1011 5 792 564;512;742;998;1144 33 5750
329300 1012 2 1222 1136;1308 2 8126
329491 1013 1 887 887 10 5228
330684 1014 6 889 572;1303;874;529;444;1613 6 3785
330848 1015 5 727 511;939;1040;151;994 60 8267
330904 1016 3 1101 1227;1407;668 1 6315
330976 1017 2 954 419;1490 293 7486
330981 1018 2 980 1042;918 41 5107
331250 1019 4 971 1182;1231;1096;374 194 4006
331687 1020 2 930 658;1201 1 6315
331718 1021 5 698 630;657;1343;178;683 2 8126
331816 1022 5 596 608;690;738;796;146 31 8005
331963 1023 3 755 606;1024;634 17 8451
332170 1024 6 1034 723;887;1154;913;1316;1208 13 7020
335480 1025 2 1100 1238;962 1 6315
335960 1026 2 763 957;569 147 329
337628 1027 28 898 1603;1369;946;1228;830;462;827;165;1030;576;1067;629;737;197;601;646;585;804;881;506;1477;717;1160;307;1641;1635;1019;1496 68 6473
340047 1028 4 1002 1122;1013;1163;712 3 2095
340542 1029 4 917 183;1055;1281;1149 2 8126
341399 1030 2 1070 411;1729 1 6315
342424 1031 8 768 1029;1289;706;840;664;841;629;149 3 2095
343334 1032 6 848 814;1122;1219;390;679;867 3 2095
343618 1033 1 869 869 5 6727
343894 1034 6 783 684;386;577;1095;1087;869 14 5017
344621 1035 58 869 541;308;439;1169;1311;838;270;953;1070;665;1218;677;209;1239;1663;1498;1242;690;954;1287;932;392;1430;381;1239;818;1581;777;585;832;796;1031;1034;465;180;1171;657;959;220;787;306;495;177;1445;1580;834;1032;1325;1593;963;818;544;1070;1430;304;514;693;757 5 6727
344646 1036 2 1276 1408;1145 1 6315
344801 1037 1 1490 1490 8 3147
349679 1038 37 1021 1242;1057;638;1190;805;636;901;1260;837;1262;803;635;1056;1050;1072;1021;1104;852;1197;910;713;1369;1181;590;1447;655;1457;1659;1720;832;1166;483;868;1002;601;1293;1203 27 3404
350592 1039 10 1015 1116;1367;741;885;1093;1066;979;967;784;1155 2 8126
351419 1040 7 1188 1472;769;1682;1199;752;1379;1063 3 2095
352859 1041 12 919 694;1084;1363;857;754;1531;614;510;290;1179;1289;858 3 2095
356418 1042 20 760 1438;1130;755;1009;893;1506;853;469;1000;582;385;398;479;178;358;676;1527;538;584;444 1 6315
357300 1043 5 906 1480;350;832;1218;651 1 6315
361743 1044 14 829 1664;310;834;691;921;365;401;1278;996;1159;610;1191;596;593 2 8126
363893 1045 2 882 836;929 209 8167
364010 1046 3 631 353;725;815 1 6315
364119 1047 3 895 404;877;1405 1 6315
364573 1048 4 922 935;1130;619;1006 50 2652
364581 1049 11 1021 1632;1038;1121;681;1263;702;886;1102;599;683;1522 1 6315
364914 1050 2 1365 1346;1384 13 7020
365030 1051 4 1068 1063;1229;607;1375 1 6315
365078 1052 2 1272 969;1575 12 5548
365197 1053 6 664 652;803;656;601;945;327 114 2764
365214 1054 3 520 598;712;250 39 2062
365264 1055 7 948 394;342;1006;1692;1423;501;1279 3 2095
365278 1056 2 964 817;1110 1 6315
365379 1057 3 904 718;809;1184 338 7817
365658 1058 8 1142 1407;1440;820;1704;936;1213;845;770 50 2652
365888 1059 2 758 1011;504 105 5119
365952 1060 5 771 125;893;863;774;1198 1 6315
366282 1061 3 883 1173;108;1369 18 3368
366680 1062 3 867 1403;1104;93 125 2061
366765 1063 3 950 1214;800;837 1 6315
366775 1064 4 588 718;87;1034;515 2 8126
366817 1065 17 876 1103;448;1672;1314;557;817;934;1336;740;1177;694;1015;281;811;698;973;324 2 8126
366946 1066 16 787 1368;130;945;468;465;449;780;1296;1606;721;1251;914;874;90;593;647 77 8520
367237 1067 1 1171 1171 2 8126
367258 1068 6 935 1437;795;1009;920;847;601 84 186
367345 1069 9 939 567;1469;1298;899;926;733;578;972;1007 1 6315
367351 1070 10 898 1247;1263;1144;365;596;882;1016;745;771;947 1 6315
367381 1071 3 1194 650;1648;1283 69 6784
367576 1072 24 886 1239;164;615;802;901;1386;1243;1414;598;343;983;475;420;444;1025;1071;497;1164;1305;320;999;1643;1480;737 15 7469
367586 1073 5 981 1455;1459;281;849;862 13 7020
367611 1074 5 1122 553;1671;1019;1011;1357 2 8126
368057 1075 3 740 973;805;441 4 7408
368138 1076 6 988 1344;1011;1102;495;858;1119 15 7469
368192 1077 3 726 1328;181;669 3 2095
368379 1078 6 1062 1588;309;1612;926;684;1251 1 6315
368388 1079 14 883 1235;1036;418;1700;1704;191;799;1485;613;798;968;967;189;262 1 6315
368419 1080 9 740 684;995;464;650;1667;496;443;487;773 22 3251
368426 1081 3 621 547;923;393 2 8126
368455 1082 4 943 1028;594;1565;585 1 6315
368681 1083 1 444 444 1 6315
368692 1084 1 1325 1325 184 4768
368739 1085 2 490 538;441 4 7408
368759 1086 10 862 816;1023;662;1203;641;1004;742;806;1186;537 1 6315
368873 1087 1 1123 1123 4 7408
369046 1088 5 729 426;871;906;673;771 264 7662
369075 1089 11 879 953;313;1404;211;969;1038;993;1197;663;558;1373 2 8126
369147 1090 3 1152 1300;857;1299 1 6315
369315 1091 7 976 1152;1058;855;647;1518;893;708 199 2605
369437 1092 7 1081 1008;946;1425;1056;655;1314;1160 23 3166
369488 1093 1 98 98 2 8126
369537 1094 3 1137 1363;1125;924 2 8126
369731 1095 2 912 693;1130 210 5404
370114 1096 2 791 1090;492 2 8126
370227 1097 2 890 735;1044 30 5925
370414 1098 3 592 283;787;707 2 8126
371009 1099 4 826 414;193;1136;1562 287 1727
371427 1100 3 918 749;949;1057 27 3404
371502 1101 6 1087 1572;847;906;605;1287;1306 16 3473
371510 1102 11 1126 1411;771;700;1666;1149;841;1076;1306;1582;794;1091 1 6315
371543 1103 6 817 429;708;974;565;902;1322 190 2307
371589 1104 6 1057 1385;909;1138;614;1419;875 2 8126
371629 1105 3 1191 1463;1086;1023 1 6315
371658 1106 2 1202 848;1557 6 3785
371706 1107 3 760 1140;581;559 22 3251
371895 1108 4 985 1352;168;1037;1384 1 6315
371945 1109 2 769 379;1159 6 3785
371978 1110 4 994 1150;1029;826;970 5 6727
371997 1111 2 1264 1162;1365 4 7408
372021 1112 2 1163 1395;931 12 5548
372226 1113 4 729 551;919;493;953 4 7408
372328 1114 1 1450 1450 3 2095
372369 1115 9 921 1316;896;1125;474;447;1378;860;448;1344 1 6315
372430 1116 2 1282 1154;1411 20 3581
372495 1117 5 912 1038;1104;615;357;1447 4 7408
372518 1118 17 913 421;1419;1574;844;666;1461;840;802;307;1019;895;1059;405;1510;370;1098;823 36 8475
372790 1119 2 462 224;701 5 6727
373158 1120 2 1130 1182;1077 3 2095
373566 1121 2 831 656;1006 13 7020
373689 1122 7 1004 1019;297;1214;1702;1640;111;1042 3 2095
374097 1123 12 946 1140;1027;1171;599;1151;972;241;1130;546;948;822;1607 3 2095
374291 1124 13 947 940;487;1517;1124;967;571;1067;1078;556;676;1231;1377;723 52 1290
374331 1125 1 1385 1385 136 524
374892 1126 10 800 698;979;545;786;899;1217;884;436;388;1163 2 8126
374944 1127 2 1097 1438;756 1 6315
375108 1128 2 1216 1056;1376 1 6315
375206 1129 2 902 741;1063 3 2095
375419 1130 5 926 1393;1498;960;332;449 1 6315
375573 1131 3 771 773;614;925 341 897
375759 1132 1 1386 1386 1 6315
375813 1133 1 957 957 10 5228
375848 1134 5 1222 1726;1292;1301;1181;612 65 3213
375865 1135 5 874 483;923;1409;1088;465 3 2095
375963 1136 2 1160 990;1330 1 6315
376092 1137 5 1011 814;1234;1146;1031;832 6 3785
376585 1138 3 826 528;1111;839 3 2095
376757 1139 9 796 936;870;474;1204;933;686;1019;679;362 5 6727
376774 1140 2 1010 1273;748 9 410
376815 1141 3 885 416;798;1440 1 6315
376822 1142 6 843 1422;888;740;835;353;820 13 7020
377306 1143 4 1324 1646;1499;1018;1131 132 4002
377869 1144 2 1208 1191;1224 10 5228
377924 1145 10 1136 1021;1026;1700;1343;1118;989;1687;875;1040;560 178 6916
378131 1146 1 389 389 36 8475
378191 1147 6 1078 838;995;998;737;1244;1653 3 2095
378651 1148 3 831 487;1427;580 1 6315
378664 1149 1 666 666 22 3251
378763 1150 9 885 903;601;586;1042;1300;506;673;1201;1157 29 5944
378919 1151 2 698 735;660 1 6315
378997 1152 1 669 669 3 2095
379012 1153 3 971 809;1383;722 29 5944
379065 1154 8 976 566;1479;967;1031;955;1218;601;994 103 8714
379104 1155 2 1128 972;1284 1 6315
379111 1156 45 906 1009;674;1365;612;1185;862;894;936;1214;451;656;1575;1360;735;1085;613;472;918;410;736;1074;961;379;636;232;1512;775;1175;1172;1716;331;621;964;602;1004;514;626;1518;1691;1058;742;1029;1174;640;844 1 6315
382454 1157 3 1009 1050;870;1108 1 6315
382499 1158 40 854 743;1245;1113;725;646;893;1079;398;954;1206;1388;1054;980;1114;840;818;684;905;774;583;639;1063;1422;1245;500;451;648;1337;1211;445;1287;199;841;601;534;646;402;999;1243;309 39 2062
382620 1159 5 878 1196;801;592;436;1364 142 1979
382622 1160 3 525 684;450;441 1 6315
382712 1161 2 936 824;1048 4 7408
382832 1162 3 1027 1413;287;1382 2 8126
382847 1163 2 1570 1620;1521 2 8126
383060 1164 15 1093 1322;775;707;1262;1579;268;1509;1522;1282;514;984;567;1690;1221;1198 3 2095
383268 1165 5 712 390;832;559;1388;389 5 6727
383336 1166 7 1075 1268;1366;941;1284;534;1074;1061 83 4448
383370 1167 9 944 894;1248;1121;368;759;1112;923;1468;600 1 6315
383411 1168 4 952 829;1062;1084;834 2 8126
383474 1169 4 1113 1094;1327;656;1375 1 6315
383503 1170 4 1030 838;693;1269;1321 1 6315
383648 1171 3 764 303;1263;726 72 9441
384001 1172 2 560 430;689 8 3147
384348 1173 2 524 189;858 2 8126
385124 1174 3 781 998;584;761 18 3368
385600 1175 2 1476 1737;1214 4 7408
385942 1176 7 987 859;941;1154;961;996;809;1190 1 6315
386088 1177 4 822 647;701;882;1059 1 6315
386101 1178 3 942 898;1120;808 288 349
386165 1179 6 879 1051;410;1319;800;819;875 1 6315
386375 1180 4 1302 1718;785;1379;1328 10 5228
386532 1181 11 747 199;923;1157;665;691;680;785;796;620;908;795 218 8121
386596 1182 2 1110 1025;1195 1 6315
387018 1183 7 831 732;1395;663;435;833;449;1309 7 1009
387043 1184 9 957 891;1220;298;1092;1023;904;916;1121;1152 7 1009
387110 1185 5 618 1175;149;335;1332;97 1 6315
387350 1186 5 891 864;718;682;1074;1116 4 7408
387415 1187 20 880 719;1033;1642;1025;592;521;1207;1005;693;880;542;1096;858;375;1094;1150;1145;821;939;264 21 7535
387433 1188 2 1110 841;1379 1 6315
387469 1189 2 1255 990;1520 5 6727
387540 1190 2 1335 1428;1242 21 7535
387676 1191 18 919 815;1330;568;280;512;853;751;1124;1213;881;1268;1427;699;859;851;906;1423;782 58 7616
387748 1192 4 1106 1018;895;1058;1451 5 6727
387838 1193 2 1300 1368;1232 1 6315
387879 1194 3 788 340;1010;1015 2 8126
388130 1195 2 712 1030;394 2 8126
388198 1196 2 1152 1551;754 51 53
388229 1197 7 1046 1077;1417;1003;844;1547;766;666 32 7399
388444 1198 7 946 978;1009;576;887;918;1092;1159 18 3368
388607 1199 3 1052 1192;873;1092 11 4049
389049 1200 5 1114 1169;1400;702;1489;809 56 3200
389111 1201 1 1603 1603 3 2095
389187 1202 3 624 642;827;404 16 3473
389296 1203 2 1064 686;1443 8 3147
389462 1204 1 492 492 71 3899
389787 1205 8 773 79;821;692;858;1067;1174;690;803 20 3581
390233 1206 2 1002 1114;890 26 7660
390584 1207 3 660 573;242;1164 1 6315
390745 1208 12 909 1082;1424;525;474;1061;1087;390;948;669;1039;1231;977 89 751
391813 1209 7 945 936;858;636;301;1360;927;1596 7 1009
391830 1210 6 972 1132;954;1295;695;540;1215 1 6315
392875 1211 9 760 549;1117;643;872;1158;627;148;1037;692 26 7660
393417 1212 3 1174 1165;1377;981 2 8126
393469 1213 4 1024 1586;642;349;1517 1 6315
393528 1214 2 1189 1542;836 6 3785
393633 1215 4 860 651;487;804;1499 1 6315
394036 1216 5 596 487;872;642;784;193 26 7660
394200 1217 3 801 910;575;917 13 7020
394292 1218 6 1233 1366;1192;651;1068;1620;1500 63 8685
394449 1219 7 998 687;967;1484;1089;932;737;1090 4 7408
394460 1220 2 974 980;967 4 7408
394893 1221 3 752 963;975;319 5 6727
395441 1222 3 988 1455;794;716 1 6315
395462 1223 2 770 1354;185 15 7469
395521 1224 17 838 466;1111;1332;610;757;656;1663;1113;440;1081;89;1105;384;823;1277;1068;273 1 6315
395562 1225 7 922 396;924;791;1514;1046;841;941 1 6315
395862 1226 4 864 489;1624;891;452 1 6315
395987 1227 3 1127 1540;1005;835 1 6315
396028 1228 4 758 845;204;770;1212 7 1009
396076 1229 2 828 733;924 6 3785
396289 1230 4 912 848;933;814;1051 1 6315
396297 1231 7 654 239;457;584;370;1018;1188;723 2 8126
396332 1232 5 1043 535;344;1365;1661;1311 20 3581
396796 1233 1 526 526 52 1290
396822 1234 10 807 456;872;394;1116;1114;973;460;1000;925;763 6 3785
396973 1235 4 774 673;978;550;894 64 6265
397056 1236 4 764 1414;465;559;620 3 2095
397190 1237 3 643 329;417;1183 2 8126
397206 1238 8 947 1370;499;871;1503;946;473;915;1000 6 3785
397222 1239 7 997 760;1390;1220;1559;535;1138;376 154 1323
397272 1240 2 522 575;469 124 9221
397452 1241 12 1265 1544;996;709;1271;1688;923;1096;1704;1586;1494;647;1527 3 2095
397593 1242 5 1109 1338;1242;1366;693;905 6 3785
397628 1243 1 1358 1358 3 2095
397743 1244 3 1133 964;1137;1298 2 8126
397793 1245 2 858 884;832 2 8126
397841 1246 7 857 375;612;582;244;1302;1329;1557 2 8126
397896 1247 2 1553 1481;1625 267 8436
397939 1248 2 1337 1662;1012 1 6315
397994 1249 3 814 998;696;748 2 8126
398359 1250 9 671 208;519;1245;1329;483;474;946;712;124 1 6315
398395 1251 4 685 774;404;953;609 124 9221
398415 1252 1 687 687 15 7469
398568 1253 4 929 1177;806;399;1334 11 4049
398714 1254 5 953 1382;942;891;829;719 1 6315
398721 1255 2 1012 1006;1019 2 8126
399880 1256 6 816 937;805;162;243;1608;1141 308 4882
399981 1257 4 706 741;608;568;906 1 6315
400138 1258 4 670 1221;364;213;884 2 8126
400178 1259 3 778 228;1076;1030 43 8716
400217 1260 2 766 395;1137 2 8126
400425 1261 2 1109 1380;838 2 8126
400460 1262 4 710 273;700;684;1185 6 3785
400516 1263 1 1722 1722 2 8126
400732 1264 3 1011 1148;740;1145 1 6315
400746 1265 4 1404 1668;1539;1199;1209 2 8126
400864 1266 2 743 1139;347 24 7419
400992 1267 2 775 564;986 38 7803
401069 1268 4 883 855;1251;399;1028 6 3785
401392 1269 3 950 1342;662;847 2 8126
401406 1270 4 1097 781;1298;1045;1264 1 6315
401653 1271 8 740 573;1213;852;696;633;406;994;551 14 5017
401671 1272 6 902 801;1059;1187;471;1152;739 2 8126
401813 1273 4 736 1509;794;81;559 91 4692
402101 1274 2 744 857;631 72 9441
402370 1275 8 876 924;668;1468;1159;871;618;995;305 1 6315
402421 1276 18 957 1336;511;1000;1450;373;756;1586;684;779;1150;693;869;871;902;805;1285;1196;973 165 9398
402540 1277 4 1150 816;999;1503;1281 177 126
402603 1278 2 1148 1326;971 1 6315
403048 1279 2 812 1067;558 1 6315
403287 1280 7 985 615;1281;791;470;1052;1114;1570 1 6315
404789 1281 2 708 1305;110 13 7020
404833 1282 55 882 278;473;1214;998;1339;791;1170;1313;1106;422;1005;567;968;1578;664;825;283;808;599;1375;1662;935;417;679;704;493;895;675;480;1483;975;1337;924;781;777;365;1032;1472;162;679;1091;957;654;804;1019;537;976;880;830;1311;723;893;1348;677;1131 4 7408
405208 1283 16 1045 496;1437;1212;804;910;698;1511;1520;836;1181;1135;1338;1484;580;816;766 2 8126
405248 1284 2 703 725;681 1 6315
405722 1285 6 1014 1597;703;828;1400;957;600 24 7419
405727 1286 2 684 1050;319 1 6315
405819 1287 8 710 889;1021;409;844;520;521;1335;140 2 8126
406463 1288 4 646 630;927;515;514 5 6727
406530 1289 4 358 359;399;304;370 1 6315
406680 1290 5 897 680;842;672;1080;1209 12 5548
406688 1291 50 877 981;594;388;1549;701;842;554;991;1090;421;307;271;993;1032;282;942;561;656;1222;553;751;388;1264;826;910;1445;1113;779;842;1549;1141;1117;600;1011;1044;1304;630;642;1645;776;761;1279;793;864;679;1509;913;1315;394;643 6 3785
408466 1292 10 1080 1236;614;1467;1025;709;1099;1355;1176;453;1664 3 2095
409269 1293 4 1085 1322;863;1289;867 13 7020
409469 1294 8 756 1107;924;1138;404;820;200;487;968 3 2095
409518 1295 3 769 333;1205;769 7 1009
409602 1296 6 949 587;1142;1548;647;923;846 140 7833
409691 1297 1 939 939 135 3475
409734 1298 1 340 340 1 6315
410061 1299 3 541 443;289;892 2 8126
410098 1300 2 592 890;294 3 2095
410679 1301 3 711 883;585;664 1 6315
411010 1302 17 695 954;240;1189;352;319;652;910;364;1633;105;743;1731;730;68;438;590;803 2 8126
411048 1303 3 1030 734;1021;1336 1 6315
411311 1304 3 699 505;754;839 2 8126
411715 1305 9 877 651;1243;910;1470;192;791;791;925;917 5 6727
412138 1306 4 1031 1205;1066;749;1104 2 8126
412310 1307 1 569 569 6 3785
412739 1308 5 675 250;912;1229;133;851 5 6727
412812 1309 2 509 900;118 3 2095
412948 1310 20 877 1436;957;459;373;1180;502;906;551;913;698;527;1037;1193;554;1283;531;1350;1377;788;922 16 3473
413271 1311 1 574 574 15 7469
413284 1312 7 1092 999;1132;1060;1173;1427;502;1354 3 2095
413465 1313 8 901 1322;726;783;1501;1086;1074;188;528 262 4550
414483 1314 3 822 579;684;1203 3 2095
418313 1315 2 1354 1158;1549 7 1009
418498 1316 3 1052 965;1112;1080 6 3785
418792 1317 2 807 297;1317 4 7408
419208 1318 3 943 565;644;1620 19 7940
419601 1319 3 988 1051;910;1003 2 8126
419695 1320 26 826 1156;879;942;369;720;408;1122;542;1236;320;675;1353;1253;1032;348;878;885;530;330;1200;796;986;1284;893;907;436 5 6727
422168 1321 4 1072 1252;1276;949;813 10 5228
422496 1322 6 868 1140;593;1629;144;1051;648 2 8126
422635 1323 1 1020 1020 1 6315
423125 1324 6 787 855;335;993;717;747;1073 1 6315
423330 1325 3 705 908;321;886 140 7833
423387 1326 4 1200 1074;1298;1503;923 38 7803
423835 1327 2 841 1146;536 2 8126
423992 1328 18 1042 532;1173;853;912;854;1401;625;881;849;1250;1022;1463;1432;1410;1069;1084;718;1234 78 2702
424075 1329 7 774 704;918;1044;399;414;760;1177 1 6315
424216 1330 1 597 597 6 3785
424625 1331 33 951 599;862;748;868;1238;1675;1338;1542;851;679;841;206;550;546;772;1237;873;1651;1529;452;616;591;835;1038;832;1060;1260;683;1132;726;1189;840;1525 14 5017
424706 1332 8 1022 954;987;975;1238;1226;611;1136;1050 1 6315
425837 1333 47 986 1039;1208;1440;757;900;685;521;880;1091;827;1074;538;1303;1574;953;848;1509;838;1356;1501;1045;373;772;1319;594;1025;1001;1126;1140;1153;1021;1270;1090;1013;433;671;576;531;1489;544;673;979;1144;986;953;965;1606 6 3785
426548 1334 4 739 749;567;997;644 4 7408
426635 1335 2 784 720;849 23 3166
427209 1336 4 1043 1416;1133;1010;614 1 6315
427602 1337 4 938 777;1169;1000;808 1 6315
428881 1338 9 1039 795;1054;769;701;978;1137;679;1656;1586 2 8126
429208 1339 2 1100 1219;981 1 6315
430179 1340 2 1076 1136;1015 3 2095
430493 1341 4 740 252;1361;1130;217 4 7408
430565 1342 4 610 547;257;735;900 1 6315
432028 1343 2 892 638;1146 6 3785
433169 1344 7 709 1557;385;332;284;1024;998;380 13 7020
433656 1345 2 611 837;385 43 8716
434082 1346 7 580 1216;494;323;314;963;296;452 1 6315
434284 1347 1 1004 1004 3 2095
434748 1348 8 893 473;875;1110;686;1467;1339;293;898 331 5189
434937 1349 2 1052 803;1300 9 410
435130 1350 5 985 708;1201;623;1325;1069 352 2606
437163 1351 2 1488 1721;1255 2 8126
437264 1352 1 1084 1084 87 1384
437430 1353 2 1206 1633;780 6 3785
439919 1354 2 881 947;815 130 8740
441126 1355 8 900 94;1312;1446;662;687;1106;861;1033 1 6315
481805 1356 5 912 880;473;925;1351;932 2 8126
484396 1357 6 1164 1672;1456;1402;479;480;1498 7 1009
485119 1358 2 579 716;442 135 3475
485145 1359 5 656 1341;398;437;491;612 305 4013
485390 1360 13 1111 851;1633;1462;1057;806;1630;991;1645;1214;706;1434;691;322 28 6393
485448 1361 3 831 957;855;681 3 2095
486637 1362 5 1021 1528;1429;428;1003;716 1 6315
486725 1363 3 447 190;776;375 5 6727
487318 1364 3 894 942;976;764 1 6315
487482 1365 8 886 414;611;1004;991;1037;709;1165;1157 7 1009
487945 1366 2 1034 1130;939 8 3147
488778 1367 17 869 293;522;1368;1312;650;1219;1134;875;468;973;1411;998;737;554;285;751;1216 6 3785
488783 1368 4 849 847;853;1291;406 4 7408
488843 1369 6 818 239;242;1137;1075;1123;1095 1 6315
488895 1370 1 454 454 123 8020
488966 1371 12 741 1155;1123;659;598;582;242;152;1297;481;998;896;713 1 6315
488998 1372 6 965 1218;1220;1283;728;810;529 2 8126
489035 1373 3 793 824;1153;403 73 9978
489531 1374 2 972 1054;890 1 6315
489842 1375 2 814 632;996 1 6315
490031 1376 5 823 1243;614;767;383;1110 11 4049
490149 1377 4 930 1169;1251;542;757 63 8685
490176 1378 1 1263 1263 1 6315
490463 1379 1 772 772 1 6315
490636 1380 1 1612 1612 2 8126
491029 1381 4 743 617;794;827;733 3 2095
491128 1382 3 1015 1187;867;992 32 7399
491316 1383 6 846 568;662;1554;679;976;636 1 6315
491337 1384 2 554 306;803 8 3147
491438 1385 1 530 530 1 6315
491820 1386 7 869 1340;936;837;872;439;552;1110 12 5548
491981 1387 2 695 622;768 2 8126
492211 1388 2 985 1312;658 1 6315
492220 1389 3 924 1310;899;562 19 7940
492229 1390 5 902 913;512;690;1150;1243 7 1009
492310 1391 2 1338 1295;1380 1 6315
492429 1392 4 768 1367;846;487;371 65 3213
492571 1393 4 1024 433;1002;1646;1017 14 5017
492723 1394 16 892 960;373;599;383;741;931;1334;931;972;871;721;854;1014;586;1496;1505 30 5925
492833 1395 2 1128 1011;1246 34 6320
493342 1396 6 900 1638;433;755;485;661;1429 21 7535
495837 1397 2 878 789;968 2 8126
496321 1398 3 1126 708;1403;1268 46 3627
496350 1399 3 738 651;916;648 3 2095
496575 1400 10 958 1327;1144;1442;569;553;737;1417;1196;568;630 1 6315
497128 1401 2 896 884;907 1 6315
497203 1402 3 806 1062;905;451 2 8126
497262 1403 8 896 455;746;951;958;1482;1253;1008;311 10 5228
497729 1404 2 755 969;541 59 986
498391 1405 6 715 701;588;236;1298;686;782 3 2095
498417 1406 1 1023 1023 1 6315
498516 1407 5 1082 502;1249;1586;542;1533 1 6315
498565 1408 8 873 985;1252;694;814;409;1263;1144;420 4 7408
498825 1409 2 836 1189;484 12 5548
498929 1410 7 939 1236;747;629;1101;620;630;1610 4 7408
499674 1411 6 780 732;693;1588;222;1183;259 6 3785
500110 1412 1 1473 1473 1 6315
501041 1413 4 1048 1375;422;947;1448 5 6727
501292 1414 3 968 545;1048;1310 2 8126
501346 1415 5 981 382;914;990;1219;1401 1 6315
501400 1416 8 856 914;407;371;1117;1010;523;1078;1425 3 2095
501549 1417 2 1056 1138;974 1 6315
503108 1418 5 820 1552;895;724;717;211 14 5017
503241 1419 5 943 690;874;1083;826;1241 239 3016
504315 1420 7 707 611;584;819;853;1095;708;276 2 8126
504575 1421 3 912 1154;549;1033 12 5548
504684 1422 2 1095 1096;1094 27 3404
504857 1423 28 924 1172;410;1033;1034;661;948;1572;688;1424;1074;1099;740;1212;168;573;1145;1289;996;1167;654;823;1026;1233;488;109;1653;981;507 6 3785
504977 1424 1 1395 1395 2 8126
505165 1425 6 930 833;790;922;1183;910;945 1 6315
507792 1426 1 574 574 1 6315
507887 1427 1 773 773 5 6727
508710 1428 5 956 1395;1180;902;636;668 1 6315
509326 1429 2 1158 1108;1207 1 6315
509369 1430 3 960 921;847;1111 2 8126
510111 1431 2 677 778;576 2 8126
510796 1432 4 1031 883;655;1069;1518 103 8714
510975 1433 16 1003 1110;1597;775;971;1178;1237;1130;1490;524;979;1383;1143;356;937;615;623 26 7660
511756 1434 6 734 736;439;809;621;702;1096 1 6315
511859 1435 3 650 479;1304;168 7 1009
512024 1436 6 749 324;819;798;433;1122;1000 6 3785
512048 1437 2 542 781;303 5 6727
512356 1438 1 215 215 4 7408
512674 1439 3 1181 1698;898;946 1 6315
512703 1440 1 975 975 38 7803
512790 1441 3 676 1374;212;441 17 8451
513774 1442 2 784 1008;560 10 5228
513990 1443 5 671 1232;444;767;428;486 2 8126
515397 1444 2 627 656;598 5 6727
516358 1445 9 712 444;335;1196;692;871;830;911;1042;88 63 8685
517478 1446 2 1006 901;1110 82 7499
518220 1447 3 1166 951;1362;1186 2 8126
519121 1448 5 887 933;1286;323;899;996 2 8126
520829 1449 2 1188 1056;1320 1 6315
524005 1450 5 721 136;249;981;772;1465 1 6315
525751 1451 1 596 596 4 7408
526390 1452 5 1139 1691;317;1699;1448;540 33 5750
528983 1453 2 720 734;706 279 7044
529185 1454 3 493 457;779;243 2 8126
529784 1455 2 1002 661;1343 3 2095
531459 1456 4 764 971;1169;213;704 8 3147
536222 1457 2 730 1009;450 19 7940
539959 1458 50 847 432;397;529;829;563;1438;1458;791;1157;821;1238;1156;605;631;1029;1470;1045;1287;1435;775;985;680;342;1031;771;937;65;1120;1216;489;264;599;1180;1069;231;769;1266;982;347;553;191;750;1549;1317;815;437;1248;670;947;442 1 6315
539978 1459 4 942 1419;720;1346;281 7 1009
539984 1460 6 811 781;500;502;310;1554;1217 1 6315
540264 1461 4 715 344;238;891;1388 11 4049
540623 1462 2 576 567;584 5 6727
540722 1463 2 1365 1382;1348 31 8005
540880 1464 1 727 727 3 2095
541093 1465 2 1102 597;1608 11 4049
541134 1466 3 1168 913;1099;1493 3 2095
541378 1467 2 616 1098;133 1 6315
541394 1468 1 1167 1167 1 6315
541417 1469 2 822 1090;554 30 5925
541436 1470 8 895 902;1248;1136;900;813;1119;346;693 1 6315
541514 1471 2 1206 675;1737 2 8126
541592 1472 2 758 524;991 147 329
541789 1473 1 1248 1248 69 6784
541846 1474 2 1111 945;1277 20 3581
541969 1475 11 729 449;907;1245;480;601;520;933;1235;154;1110;390 1 6315
542012 1476 8 890 689;267;1318;972;1012;728;1392;743 6 3785
542084 1477 9 960 349;1416;913;1120;1221;1061;746;1164;653 59 986
542145 1478 46 993 1322;1198;1470;1287;854;1085;1380;921;1022;1132;1735;1353;1382;1506;1510;940;1100;632;462;1257;198;718;900;1059;1277;1132;663;1600;959;1270;864;100;482;611;1034;826;286;954;504;947;1042;1048;678;951;678;1343 3 2095
542248 1479 2 1193 1281;1105 12 5548
542392 1480 1 719 719 2 8126
542440 1481 3 1250 1673;1267;811 7 1009
542457 1482 2 843 836;850 1 6315
542644 1483 3 862 843;633;1109 7 1009
542660 1484 3 536 257;633;718 6 3785
542672 1485 3 971 987;1241;684 2 8126
542709 1486 2 834 1247;420 327 9124
542737 1487 2 148 117;180 1 6315
542887 1488 28 870 1416;1640;320;1005;424;835;1166;160;1294;556;817;777;375;1076;1127;1217;943;916;1004;804;918;845;767;325;514;1198;824;1105 14 5017
542896 1489 2 1578 1617;1539 16 3473
543427 1490 4 1125 1340;642;1402;1115 9 410
543496 1491 3 1186 1296;1469;793 1 6315
543571 1492 3 630 778;715;398 1 6315
543633 1493 7 791 265;978;787;658;1611;122;1115 17 8451
543637 1494 3 676 725;705;597 6 3785
543667 1495 5 796 1210;987;770;281;732 7 1009
543847 1496 5 1061 1003;1092;1619;949;640 155 2158
543898 1497 1 1036 1036 1 6315
544062 1498 3 1091 1326;703;1245 1 6315
544146 1499 4 1132 811;1215;1661;843 1 6315
544419 1500 4 634 314;1609;506;105 29 5944
544487 1501 4 870 1535;1148;660;135 6 3785
544510 1502 2 883 885;881 51 53
544552 1503 11 1207 1173;1443;1445;1565;1049;637;1248;982;1307;1040;1387 311 3802
544708 1504 2 1132 933;1330 8 3147
544728 1505 6 1099 1637;626;1009;1470;652;1199 2 8126
544843 1506 2 755 1176;334 11 4049
544864 1507 20 1053 1431;1195;910;1218;1136;761;859;679;1342;1280;343;1078;1221;1629;1030;1445;1413;1017;119;950 1 6315
544960 1508 3 1428 1477;1440;1368 2 8126
545019 1509 7 896 1444;1493;466;975;424;341;1126 31 8005
545114 1510 3 1105 1253;1443;619 1 6315
545283 1511 5 831 847;771;1324;720;491 2 8126
545296 1512 3 889 1488;661;517 28 6393
545514 1513 3 856 602;947;1018 357 343
545573 1514 7 908 523;1536;222;1146;1508;505;917 134 1872
545585 1515 2 778 507;1049 16 3473
545592 1516 2 592 382;803 1 6315
545875 1517 9 800 1694;664;606;805;258;1189;648;372;968 16 3473
546012 1518 1 780 780 145 6857
546026 1519 2 730 858;603 3 2095
546148 1520 29 915 1090;843;584;655;426;1316;485;1245;1165;672;682;1674;817;1189;1046;784;426;1478;881;1004;975;881;715;263;880;902;896;1628;943 1 6315
546397 1521 1 1464 1464 1 6315
546490 1522 14 886 920;1256;850;851;1628;601;1355;473;263;1163;1391;103;715;842 1 6315
546689 1523 2 967 1080;854 111 9892
546755 1524 2 1401 1340;1462 3 2095
546982 1525 9 937 947;1220;1024;861;502;1401;1147;746;588 2 8126
547006 1526 1 1580 1580 8 3147
547194 1527 2 83 70;96 1 6315
547453 1528 1 1404 1404 5 6727
547491 1529 16 767 241;993;780;605;680;266;793;112;1316;691;1698;897;644;448;1381;734 1 6315
548488 1530 7 822 1195;742;559;881;165;1333;879 178 6916
548524 1531 6 769 555;494;687;670;1222;986 48 2068
548580 1532 4 724 1442;898;429;128 2 8126
548672 1533 3 949 842;774;1232 5 6727
548738 1534 11 1125 625;912;818;1201;1625;1456;1512;1187;1514;468;1052 10 5228
548774 1535 4 782 665;1106;652;703 1 6315
549131 1536 1 723 723 5 6727
549466 1537 2 980 1128;832 1 6315
549472 1538 2 1076 701;1452 83 4448
549550 1539 2 884 1079;688 10 5228
549665 1540 2 851 474;1228 2 8126
550590 1541 7 915 210;762;851;670;1473;1430;1012 1 6315
550746 1542 7 749 818;466;110;1000;1441;557;854 3 2095
551398 1543 2 1267 1180;1354 1 6315
551924 1544 4 1047 919;1155;892;1221 2 8126
551931 1545 3 568 735;684;284 4 7408
551937 1546 3 998 1187;843;964 16 3473
552174 1547 13 987 1143;660;1254;1245;736;389;1332;1134;1492;392;1026;1025;999 2 8126
552253 1548 5 843 1111;224;992;826;1060 4 7408
552279 1549 2 449 84;814 7 1009
553314 1550 1 711 711 5 6727
553338 1551 4 510 652;491;492;403 2 8126
553853 1552 2 1053 1667;439 10 5228
553873 1553 12 884 929;429;1039;980;805;1192;800;1423;326;456;1380;851 6 3785
555411 1554 5 1131 1107;1471;1412;1143;520 77 8520
555473 1555 7 960 668;912;1623;1099;928;470;1020 102 7604
555715 1556 2 882 618;1147 127 4537
555743 1557 5 1012 1205;1215;1562;937;143 1 6315
555943 1558 12 769 157;864;715;1373;451;1198;977;303;712;171;1212;1099 1 6315
556316 1559 3 1057 1156;963;1051 1 6315
556415 1560 2 748 737;758 10 5228
556428 1561 4 911 1022;437;1031;1153 1 6315
556802 1562 9 913 597;1403;1559;1470;303;540;1055;743;545 1 6315
557532 1563 15 890 805;720;435;1215;1066;1484;553;708;1015;1229;981;1295;103;764;974 22 3251
557543 1564 2 891 945;837 168 3975
557769 1565 2 896 614;1177 1 6315
557773 1566 1 1033 1033 1 6315
558150 1567 2 1690 1645;1734 166 5184
558183 1568 9 852 1028;814;1405;682;1415;767;446;776;332 1 6315
558193 1569 3 1218 1030;998;1627 1 6315
558208 1570 3 1144 1484;876;1073 3 2095
558306 1571 6 1072 689;1171;1499;1101;813;1162 244 2162
558869 1572 6 865 1350;449;564;1220;1109;499 4 7408
558993 1573 4 982 974;961;1073;919 1 6315
559029 1574 6 1057 1567;164;1027;1473;785;1324 1 6315
559034 1575 2 903 712;1094 23 3166
559137 1576 2 951 584;1318 1 6315
559741 1577 4 987 1384;831;772;961 78 2702
559782 1578 8 1031 500;833;1660;1527;1499;835;1076;321 4 7408
559817 1579 4 868 920;1239;563;750 96 3611
559869 1580 3 773 783;857;680 4 7408
560450 1581 4 1072 865;1730;825;866 217 8901
560802 1582 5 982 721;824;1211;967;1186 6 3785
560836 1583 3 865 1223;820;552 1 6315
560967 1584 33 998 1391;443;1418;451;1619;655;536;1042;614;1048;629;1094;1102;1106;1185;880;710;1150;1091;944;1192;1721;1146;894;548;1018;970;389;768;1297;1490;1129;1256 134 1872
561009 1585 7 906 1039;916;440;1235;1039;1227;447 3 2095
561439 1586 26 910 1689;423;1005;218;1707;81;511;907;280;693;1104;652;1336;1582;545;416;762;727;309;1184;1727;1674;1295;1369;721;730 30 5925
561708 1587 2 870 704;1036 1 6315
561722 1588 12 882 635;989;884;121;714;1164;893;842;1107;511;1224;1498 3 2095
562082 1589 5 931 456;1094;718;1441;946 13 7020
562144 1590 2 762 1136;388 3 2095
562148 1591 4 713 553;1256;434;609 1 6315
562282 1592 2 1112 1469;754 1 6315
562288 1593 1 1095 1095 3 2095
562376 1594 2 944 1256;632 13 7020
562686 1595 5 924 160;1514;339;887;1720 14 5017
562896 1596 2 783 416;1150 3 2095
563001 1597 2 1123 1047;1199 1 6315
563310 1598 3 511 375;507;651 61 392
563531 1599 3 1175 1347;1297;880 2 8126
564085 1600 6 936 1046;961;569;685;1263;1090 1 6315
564134 1601 1 1455 1455 1 6315
564253 1602 2 814 698;931 48 2068
564271 1603 2 826 430;1222 1 6315
564291 1604 10 863 827;395;907;639;1117;1208;854;877;612;1197 1 6315
564401 1605 2 927 1478;376 3 2095
564459 1606 16 980 923;404;799;1185;1208;620;1626;876;1354;611;1113;1107;849;1475;815;710 9 410
564576 1607 2 1062 1178;947 1 6315
564969 1608 3 840 610;1230;680 6 3785
565005 1609 2 677 616;738 1 6315
565087 1610 1 835 835 3 2095
565158 1611 3 727 961;354;867 24 7419
565516 1612 2 756 1227;286 227 2526
565744 1613 6 882 1143;1198;685;1077;543;644 3 2095
565776 1614 4 832 1106;872;189;1163 6 3785
565818 1615 12 748 213;132;1473;404;924;525;1625;918;1014;288;758;701 20 3581
565823 1616 9 1051 1714;728;1022;486;1054;1369;1055;1095;934 149 9613
565855 1617 11 985 926;1059;659;1180;1073;741;1308;1208;923;970;786 2 8126
566112 1618 4 711 525;701;630;988 1 6315
566136 1619 7 1004 1048;1538;678;1498;1128;605;532 5 6727
566162 1620 5 713 646;1367;886;256;411 1 6315
566409 1621 9 565 1557;646;181;134;574;1057;367;201;370 275 4177
566421 1622 14 915 1401;385;1369;547;998;899;498;1213;572;1087;989;639;656;1563 259 3468
566581 1623 7 855 665;1308;772;992;79;982;1184 66 7893
566591 1624 21 752 368;651;888;1478;736;362;345;341;398;1147;693;386;428;856;1540;598;1046;377;1118;1015;1017 1 6315
566848 1625 5 736 387;251;1259;1363;420 45 2758
566904 1626 4 936 1479;747;1066;452 64 6265
566932 1627 10 811 1110;700;1246;333;674;1319;549;581;821;773 1 6315
566941 1628 1 1345 1345 15 7469
567260 1629 4 803 1004;723;504;981 1 6315
567525 1630 3 902 271;779;1656 12 5548
567536 1631 3 825 225;1340;909 99 6911
567560 1632 3 1004 516;1284;1212 5 6727
568024 1633 10 988 730;993;1136;635;1251;1015;1201;889;1088;943 1 6315
568062 1634 3 540 99;379;1141 1 6315
568077 1635 5 932 1382;895;501;1128;754 1 6315
568095 1636 3 568 287;155;1263 1 6315
568277 1637 7 827 812;1091;690;905;807;914;569 13 7020
569059 1638 5 879 1720;200;847;285;1342 2 8126
569236 1639 2 1296 1497;1094 1 6315
569284 1640 6 779 769;711;745;1068;810;572 3 2095
569305 1641 1 1198 1198 1 6315
570170 1642 2 968 872;1063 5 6727
570773 1643 17 975 464;1007;1291;1177;1031;843;1303;840;1406;1696;500;649;1099;737;1099;550;881 100 1881
570853 1644 1 780 780 34 6320
570898 1645 2 1134 962;1306 268 8874
570957 1646 4 1136 1564;749;1397;834 127 4537
571048 1647 3 976 252;1192;1485 1 6315
571115 1648 2 1188 1172;1204 80 6285
571785 1649 2 1255 1251;1259 70 2842
571857 1650 3 843 1024;939;565 8 3147
572312 1651 2 794 699;889 23 3166
572341 1652 4 793 435;994;897;846 2 8126
572720 1653 4 828 712;601;1329;671 1 6315
572773 1654 2 630 691;570 2 8126
573380 1655 6 1048 1016;762;1066;893;1093;1461 8 3147
573409 1656 10 796 1637;310;903;614;584;643;1232;570;1017;451 2 8126
573423 1657 31 893 1205;862;1173;301;697;249;577;928;1436;1099;938;1657;211;875;692;724;266;931;1006;990;1015;1146;1399;1130;1321;504;587;637;846;1526;751 76 4866
573555 1658 3 1253 1425;638;1696 2 8126
573607 1659 9 1011 1173;545;1378;1004;1338;831;413;1356;1062 9 410
573887 1660 2 766 805;728 1 6315
573915 1661 2 1095 1105;1085 2 8126
573925 1662 2 878 1154;603 98 7485
574131 1663 2 756 778;734 353 6169
574364 1664 13 965 1575;1058;1375;1031;153;1133;933;1464;1326;330;830;454;884 5 6727
574494 1665 2 1064 1500;628 1 6315
574548 1666 2 950 1159;740 24 7419
574816 1667 2 1152 1484;819 1 6315
574863 1668 2 902 397;1407 26 7660
574903 1669 3 720 1065;763;331 2 8126
575242 1670 6 987 1459;726;877;1159;602;1097 14 5017
575315 1671 2 966 780;1153 1 6315
575371 1672 4 596 772;593;326;694 2 8126
576610 1673 10 1074 419;1542;1254;820;1066;1289;610;1142;930;1666 7 1009
576702 1674 5 957 971;1133;1149;1088;445 11 4049
576716 1675 12 920 1085;791;1623;806;883;765;94;1506;423;1109;1120;838 25 4063
576823 1676 25 997 1307;860;634;1592;918;1446;647;1181;1091;1181;565;1390;325;595;1027;1228;760;289;978;1238;930;1153;1071;919;1611 87 1384
576952 1677 10 943 1354;1222;745;1282;920;1155;1013;479;709;549 6 3785
577364 1678 4 1169 1492;1170;784;1231 131 5643
577555 1679 3 969 636;1584;686 60 8267
578330 1680 4 832 894;716;720;999 3 2095
578747 1681 1 756 756 22 3251
578921 1682 8 1299 805;1442;1550;1188;1047;1390;1583;1387 17 8451
579045 1683 2 480 371;590 4 7408
579129 1684 2 497 668;326 120 8391
579208 1685 3 790 741;957;672 5 6727
579439 1686 69 976 1500;467;770;919;697;928;1345;1105;764;1425;1306;789;635;1012;1130;968;617;349;661;1237;645;1202;1185;926;240;528;1026;809;583;1541;1218;348;862;834;1300;630;457;1023;1413;722;1243;784;601;732;1047;1257;1124;1259;1457;1099;946;1276;1253;1312;1623;1444;685;483;935;1725;1015;595;1172;80;1090;1664;767;1532;1047 10 5228
579467 1687 3 798 1153;602;638 1 6315
579994 1688 2 831 807;855 1 6315
580225 1689 31 892 1281;480;830;393;514;333;1032;984;1509;945;983;534;1455;477;794;776;1119;790;640;1018;505;1149;300;1441;969;1740;946;926;687;931;1169 231 8023
580230 1690 22 907 1067;1162;621;515;856;609;1682;1475;791;815;75;1368;301;974;1030;1307;870;275;1121;1350;322;1373 1 6315
580234 1691 36 930 568;694;457;941;1567;1363;1206;1050;547;1370;701;943;1056;1362;933;1015;1511;561;1222;794;1226;522;670;480;1692;529;649;1364;882;902;687;680;753;540;1137;916 24 7419
580394 1692 4 1066 1102;1114;609;1439 1 6315
580727 1693 2 1046 843;1249 63 8685
580767 1694 2 934 987;880 50 2652
580806 1695 2 749 1300;198 1 6315
583780 1696 1 1407 1407 2 8126
585559 1697 2 1334 1479;1190 3 2095
585813 1698 7 961 1124;459;793;1349;364;1493;1146 4 7408
585831 1699 4 992 878;1143;884;1062 3 2095
585854 1700 7 701 552;887;490;1084;753;778;360 2 8126
587307 1701 10 867 1406;962;1052;816;481;430;1493;416;842;773 145 6857
587389 1702 11 952 674;1261;1645;1081;1353;910;286;943;512;1092;719 23 3166
587465 1703 6 960 1078;1204;1121;777;434;1143 9 410
587514 1704 5 1061 1283;1433;724;1117;750 4 7408
587650 1705 4 1199 1112;1209;1227;1248 34 6320
588230 1706 10 992 353;1652;741;611;636;1231;919;1505;1506;765 1 6315
588345 1707 3 1100 780;1064;1456 2 8126
588575 1708 5 883 1038;1564;306;941;565 21 7535
588817 1709 2 1060 907;1212 1 6315
589488 1710 3 1081 920;1295;1029 6 3785
589776 1711 12 1008 1388;881;1532;378;1439;1540;939;606;1177;1386;274;556 1 6315
590134 1712 30 904 1185;1165;1110;1062;426;810;168;613;1176;1319;897;1660;667;564;983;811;1446;590;817;1502;1251;916;1585;176;851;719;680;250;1381;335 3 2095
590583 1713 2 798 919;677 1 6315
590765 1714 6 968 791;844;1295;558;949;1368 2 8126
591806 1715 4 547 742;449;578;418 5 6727
591959 1716 3 760 689;1433;159 18 3368
592192 1717 3 1121 897;1416;1051 309 4739
592285 1718 1 1073 1073 1 6315
592712 1719 5 801 1549;503;326;911;717 1 6315
598824 1720 2 1208 1518;897 1 6315
599979 1721 2 652 974;331 13 7020
600646 1722 2 1022 596;1447 92 5930
603141 1723 12 929 419;1592;447;1147;559;794;737;1520;1158;1212;1214;344 1 6315
603638 1724 2 975 714;1236 1 6315
604146 1725 3 1277 1469;1399;964 105 5119
604211 1726 2 1132 844;1420 1 6315
605915 1727 8 791 1005;1686;80;469;619;867;676;928 2 8126
