time jobId jobSize runtime tasks user
2412 1 2 749 698;800 1
4854 2 2 296 74;517 4
4935 3 2 758 817;700 120
5001 4 4 592 873;205;556;732 41
15300 5 2 714 1083;345 1
21129 6 6 698 374;591;1356;991;591;283 1
21463 7 4 287 218;192;110;628 3
22071 8 4 650 794;966;578;260 1
22087 9 10 714 299;220;156;795;1328;557;527;990;881;1384 19
22092 10 4 572 722;367;1089;110 11
23038 11 9 730 431;972;746;1072;932;641;807;337;631 12
23137 12 2 666 1179;152 1
23426 13 3 419 392;577;287 2
23460 14 3 617 410;831;609 3
23484 15 5 759 727;111;948;769;1240 3
23529 16 4 344 527;347;78;422 29
23649 17 2 553 766;340 3
24050 18 1 594 594 322
24198 19 3 312 265;123;549 2
24637 20 3 760 323;1287;669 3
24693 21 2 358 342;374 18
24754 22 2 582 432;731 1
24758 23 7 636 1194;617;110;774;596;1065;99 4
25168 24 3 809 191;1067;1170 3
25217 25 3 546 223;676;738 2
25222 26 10 787 384;1019;1295;323;459;963;658;799;897;1075 11
25273 27 2 838 509;1166 7
25405 28 2 563 412;714 1
25737 29 3 683 1172;578;298 3
25771 30 3 621 878;281;704 1
25792 31 4 682 384;906;1013;425 1
25813 32 3 544 414;702;515 350
25997 33 2 632 242;1021 3
26025 34 4 551 616;904;386;299 1
26099 35 7 911 451;999;1293;507;665;1256;1204 12
26315 36 3 480 503;344;593 3
26473 37 16 583 208;393;619;86;1071;993;800;688;727;318;460;401;709;493;1005;364 8
26547 38 1 101 101 1
26633 39 7 638 692;926;646;266;519;972;445 1
26689 40 3 547 712;377;553 1
27147 41 2 794 1006;581 6
27244 42 3 565 320;630;746 1
27361 43 2 506 459;554 35
27507 44 3 615 791;610;443 2
27529 45 2 282 348;215 28
27640 46 2 753 696;810 3
27956 47 22 704 620;454;567;374;763;152;1093;425;537;573;509;360;1080;771;804;697;751;956;530;1229;1184;1060 3
27983 48 6 939 248;1090;1424;343;1421;1109 1
28118 49 3 441 194;304;825 2
28184 50 8 737 787;960;358;883;842;600;799;670 208
28229 51 1 970 970 28
28455 52 12 461 716;564;487;876;893;167;245;383;364;507;187;142 3
28459 53 5 659 992;562;96;673;974 1
28502 54 3 435 254;330;720 109
28549 55 8 592 834;796;92;637;611;405;122;1237 3
28621 56 4 586 484;805;296;761 2
28703 57 2 473 483;463 8
29071 58 24 639 226;809;1466;644;272;734;699;349;897;1107;418;1132;275;511;1094;288;492;490;811;616;86;555;310;1060 2
29091 59 6 525 919;506;558;564;435;166 2
29128 60 19 612 970;670;626;680;552;654;1138;931;72;672;419;423;1248;655;77;369;209;597;666 1
29425 61 1 957 957 18
29560 62 8 563 1159;643;893;721;347;282;218;243 78
29650 63 2 610 595;625 4
29674 64 13 650 697;696;360;714;1318;647;845;428;71;546;1406;444;281 3
30260 65 4 798 821;724;953;696 1
30304 66 3 766 855;973;471 1
30362 67 3 1123 1186;977;1206 4
30639 68 3 730 405;1164;620 4
30657 69 2 1096 1312;879 18
30726 70 4 596 349;695;244;1094 1
30865 71 3 652 592;169;1194 1
30890 72 1 363 363 5
30908 73 5 590 472;684;230;1024;538 1
30926 74 5 924 353;721;1369;960;1217 41
31140 75 2 878 929;826 16
31291 76 2 336 226;446 12
31515 77 11 471 587;232;356;232;755;364;172;599;1006;633;245 80
31574 78 2 744 976;511 6
31850 79 5 643 669;484;706;349;1009 27
31870 80 11 529 301;206;1008;831;192;1158;259;918;194;314;440 1
31963 81 3 792 230;1056;1089 10
32035 82 20 639 519;462;623;307;1191;119;886;828;77;677;981;1213;1296;398;287;601;673;229;1034;383 4
32060 83 1 374 374 7
32530 84 7 595 394;940;636;292;1075;460;368 6
32595 85 9 520 453;81;265;510;907;840;537;251;835 1
32658 86 3 586 637;321;801 1
32916 87 4 497 821;289;758;121 34
33189 88 4 428 251;446;762;255 7
33206 89 3 672 226;1177;613 1
33257 90 2 501 389;613 14
33332 91 3 479 155;1053;228 1
33389 92 3 802 1125;687;594 1
34172 93 2 704 579;829 42
34203 94 6 834 1118;826;649;585;1052;776 6
34233 95 4 771 470;796;766;1052 17
34266 96 2 353 227;479 1
34731 97 2 742 860;624 21
34798 98 5 855 1113;1224;194;706;1040 146
34879 99 2 371 343;399 2
34881 100 3 797 931;694;767 52
34909 101 4 850 444;804;1147;1003 49
35380 102 1 640 640 1
35461 103 11 692 1320;125;230;897;685;601;761;829;817;897;445 20
36467 104 2 583 821;345 1
36826 105 2 1059 933;1185 2
36985 106 2 300 272;327 1
37170 107 3 931 1236;728;829 118
37183 108 4 701 988;743;400;674 1
37403 109 23 497 596;135;302;576;1373;568;764;345;914;410;317;522;248;389;110;901;218;424;643;680;668;178;146 3
37942 110 2 878 1206;551 1
38005 111 4 541 542;525;801;295 18
38098 112 3 840 839;606;1075 93
38552 113 1 1266 1266 1
38754 114 7 615 575;577;1022;585;530;798;220 1
38954 115 2 442 632;253 2
39080 116 4 622 143;1118;658;571 1
39106 117 5 788 732;1042;919;562;684 1
39133 118 4 714 880;318;288;1368 1
39323 119 1 625 625 36
40399 120 1 1340 1340 2
40622 121 2 343 282;404 8
40667 122 18 683 974;1118;143;130;198;1069;535;365;568;829;787;234;870;1289;1285;185;561;1156 211
40731 123 2 677 92;1262 1
40756 124 3 875 649;728;1248 3
40846 125 2 466 125;807 1
40865 126 3 344 483;158;391 10
41240 127 4 692 714;707;1137;212 7
41261 128 5 808 1227;359;759;396;1300 1
42236 129 4 809 573;1228;1142;293 72
42276 130 1 285 285 12
42504 131 3 626 463;855;561 19
42517 132 4 681 795;417;664;848 1
42539 133 4 551 387;560;455;803 4
42684 134 2 219 67;371 197
42693 135 15 447 383;109;547;145;696;406;203;1219;594;424;480;198;762;376;158 24
42715 136 4 858 1050;936;146;1302 2
42717 137 4 454 577;127;395;719 5
42831 138 2 746 624;868 10
43268 139 10 683 1438;297;964;266;700;1108;727;370;702;261 1
43354 140 1 568 568 2
43397 141 2 610 730;491 109
43483 142 3 495 566;318;602 350
43568 143 18 690 549;1300;1387;187;663;602;275;993;540;890;503;624;889;522;681;156;710;942 1
43669 144 5 745 1291;1186;292;814;142 47
43934 145 7 807 994;633;1039;728;647;474;1136 1
44053 146 1 1354 1354 1
44154 147 4 883 717;580;1182;1052 2
44215 148 4 884 1107;872;588;971 2
44493 149 16 702 813;177;656;1124;740;825;237;1319;768;668;1347;1290;155;470;294;352 4
44618 150 26 593 464;601;753;227;117;350;516;137;404;84;1011;523;234;450;848;864;1066;773;294;1101;753;1026;455;385;871;1103 2
44649 151 1 764 764 3
44879 152 7 529 748;202;886;208;436;417;806 1
44899 153 11 642 576;323;705;1229;111;380;551;260;1296;691;945 109
45264 154 3 592 794;501;482 7
45286 155 2 844 647;1040 2
45887 156 5 738 420;780;753;1042;697 4
46013 157 2 537 760;314 1
46171 158 38 682 437;856;1109;278;550;363;108;478;715;817;378;679;210;1014;569;1169;768;994;704;1008;629;1215;640;1122;714;857;234;608;463;663;970;610;827;413;548;1050;608;544 126
46181 159 2 428 573;284 300
46185 160 10 735 1276;1027;1091;227;1125;283;1024;226;726;348 66
46203 161 3 1085 1198;1149;907 6
46415 162 3 526 802;242;534 26
46526 163 3 680 822;643;574 2
46877 164 3 589 508;502;757 26
47080 165 3 817 1061;680;711 1
47435 166 2 986 919;1052 123
47506 167 3 697 773;861;457 11
47658 168 2 834 1195;473 8
47700 169 2 630 672;587 1
47940 170 10 687 1121;375;837;1086;442;676;816;264;267;989 2
47999 171 6 646 600;1055;967;609;272;375 2
48208 172 43 692 179;685;783;772;297;651;578;341;630;908;195;444;305;288;482;1429;1077;825;966;611;348;209;344;781;933;526;779;714;1207;776;1046;729;1239;582;669;1475;248;1039;305;1021;694;1109;552 1
48247 173 6 750 104;890;845;420;852;1390 2
48523 174 4 487 564;611;287;487 1
49147 175 5 690 585;679;426;863;895 1
49181 176 3 590 581;615;573 82
50004 177 9 793 771;967;621;809;668;452;847;1012;987 41
50018 178 17 698 518;397;239;1226;711;1104;1049;1055;328;500;687;433;596;831;577;1057;551 1
50075 179 6 419 475;448;203;363;549;476 318
50348 180 3 722 839;965;362 160
50755 181 48 609 1113;316;351;598;610;542;608;616;1244;843;832;530;828;357;1251;1072;935;809;354;91;921;280;333;1343;643;150;264;327;697;418;274;223;321;1005;498;747;269;266;924;856;721;190;762;604;562;339;63;1312 4
50852 182 2 796 911;680 34
51010 183 4 569 752;492;489;544 5
51240 184 10 589 257;774;1023;270;166;512;177;504;732;1475 2
52849 185 3 765 739;756;799 3
52908 186 5 697 895;62;469;1313;744 221
53080 187 14 705 650;701;1091;797;505;1255;498;1082;880;579;861;547;182;238 1
53338 188 4 484 667;652;194;425 133
53359 189 2 898 900;896 2
53391 190 8 754 642;837;563;723;1102;605;1000;563 2
53471 191 2 743 891;595 5
53538 192 4 672 764;1189;465;272 5
53642 193 21 595 666;156;196;460;360;705;1028;224;434;595;198;969;882;446;1273;710;1005;270;356;1257;301 6
53673 194 1 869 869 19
53767 195 3 591 475;938;360 3
54033 196 3 728 692;624;868 1
54138 197 3 1011 606;1186;1240 16
54581 198 4 843 1075;867;1028;402 5
54747 199 8 562 848;321;838;143;1022;89;620;619 1
54868 200 4 844 357;1235;1120;663 5
54923 201 9 455 569;1181;140;301;869;76;274;122;565 1
55641 202 8 479 676;221;515;549;590;684;431;165 16
55677 203 3 903 712;1351;646 2
55981 204 2 574 527;621 9
57536 205 11 725 678;723;144;1118;1197;723;379;1134;961;711;207 3
57886 206 1 133 133 18
57926 207 9 503 181;309;363;487;532;1017;270;512;852 1
58099 208 2 1043 1079;1007 6
59563 209 2 683 856;510 12
60162 210 8 597 637;334;489;672;483;915;732;517 18
60465 211 4 543 541;551;345;736 3
60646 212 2 426 316;535 5
60706 213 3 511 492;546;494 27
60932 214 4 608 822;816;714;80 24
61484 215 2 733 913;553 91
62787 216 26 705 1366;943;812;919;855;902;471;848;606;195;951;322;998;840;831;661;744;646;384;439;449;354;1032;609;775;378 5
63935 217 2 382 635;129 2
66047 218 3 1050 852;884;1415 9
66326 219 1 946 946 1
67112 220 3 320 280;384;295 2
67733 221 3 594 667;630;486 10
67867 222 2 390 385;394 118
68539 223 18 677 909;411;405;451;429;1055;1270;502;748;690;875;392;208;509;848;823;505;1156 3
68555 224 2 744 782;705 172
69744 225 2 294 82;507 3
69814 226 4 627 700;788;199;820 9
70262 227 7 539 349;495;658;237;580;1021;431 25
70639 228 6 750 794;383;1320;763;745;493 233
71731 229 2 608 573;642 10
71866 230 1 736 736 1
71923 231 1 955 955 68
72740 232 12 916 1091;753;920;943;1172;252;797;1103;639;1055;1043;1223 129
73764 233 16 872 1112;334;934;1448;704;1034;613;570;670;1258;499;1146;988;793;1174;669 51
74008 234 9 729 801;464;1120;1309;728;505;981;181;473 5
75174 235 2 914 722;1106 5
75549 236 12 884 1343;229;551;516;1239;561;1084;819;1289;821;1216;946 1
75720 237 2 362 647;76 1
76131 238 3 644 659;716;558 29
79020 239 4 427 454;248;544;462 211
85937 240 4 889 998;889;813;857 9
86305 241 2 140 102;179 1
86424 242 1 518 518 1
87658 243 1 705 705 9
89169 244 2 620 613;626 1
89849 245 2 482 683;280 5
90042 246 7 662 272;875;807;762;828;894;198 2
90319 247 3 693 419;1070;591 66
90420 248 4 538 127;907;738;379 3
91293 249 5 892 233;1207;903;1158;959 117
92196 250 2 573 558;588 2
92241 251 2 1096 1222;969 3
92303 252 12 671 792;309;1305;508;417;987;799;252;423;494;769;998 8
96142 253 3 473 628;313;477 1
97715 254 1 713 713 46
99544 255 2 752 461;1044 1
99952 256 7 754 1200;752;611;129;1146;563;877 4
100017 257 3 632 1233;438;226 1
101287 258 3 681 381;1007;656 3
106409 259 2 572 492;652 14
107100 260 3 840 1000;824;696 1
107129 261 3 914 908;954;881 10
107165 262 1 682 682 1
107215 263 7 488 280;415;1065;308;518;471;359 6
107396 264 23 596 866;134;236;333;675;804;779;268;1121;1334;899;722;531;148;91;101;403;909;1352;169;968;494;366 11
107483 265 1 1110 1110 1
107570 266 2 796 572;1021 1
108074 267 2 620 88;1152 1
108145 268 16 776 952;715;567;754;775;956;864;830;645;1338;504;387;1044;1334;128;616 15
108182 269 1 186 186 1
108196 270 4 613 809;495;908;241 5
108395 271 4 698 734;984;181;892 2
108406 272 1 718 718 2
108457 273 2 640 251;1030 7
108564 274 3 768 480;1231;592 8
108853 275 11 742 1296;980;548;1273;269;599;491;143;435;1219;912 20
109005 276 2 700 484;917 10
109042 277 4 595 889;244;582;666 117
109270 278 2 742 973;512 1
109580 279 34 654 893;980;499;264;353;590;1011;825;617;826;1011;347;408;192;583;1449;320;1087;1071;160;521;151;398;794;1465;192;455;583;749;645;911;79;1371;444 2
109600 280 46 685 641;234;1225;993;574;449;864;127;301;478;839;607;1195;446;533;129;583;878;281;397;1320;573;516;592;315;782;865;1000;574;1013;919;638;964;310;963;745;868;708;294;647;562;1325;1299;756;571;632 15
109621 281 2 826 1390;262 1
109641 282 1 678 678 5
109646 283 2 824 1063;584 5
109854 284 3 654 220;1273;468 2
109871 285 8 510 954;340;707;730;710;86;361;191 2
110622 286 2 738 1118;358 54
111083 287 4 559 168;414;614;1039 76
111253 288 19 688 866;1256;1034;144;718;821;679;822;648;95;732;891;1091;146;796;1171;436;190;533 1
111275 289 6 495 886;452;467;106;427;634 22
111461 290 7 803 356;1009;454;1139;1282;574;804 1
111604 291 4 986 906;460;1196;1381 11
111645 292 2 592 878;307 114
111673 293 2 1178 1146;1211 6
111903 294 5 845 422;1452;606;740;1004 7
111966 295 2 528 93;962 1
112511 296 5 635 533;315;537;981;809 13
112969 297 1 799 799 2
113006 298 9 726 1240;522;648;790;668;659;519;924;563 1
113171 299 4 632 687;308;997;534 2
113575 300 2 718 671;766 2
113625 301 8 596 998;315;881;640;166;293;1036;438 58
113731 302 2 574 646;503 15
113748 303 8 633 198;226;227;992;1047;857;874;641 10
114165 304 9 484 240;775;466;163;561;574;258;314;1005 1
114205 305 4 735 1146;781;638;375 1
114597 306 5 449 362;299;731;140;711 1
114695 307 2 549 869;229 2
115315 308 1 791 791 2
115371 309 7 756 700;1106;963;962;710;185;665 3
115378 310 1 355 355 31
115433 311 12 746 834;1033;1078;119;263;765;910;344;1057;536;1240;772 3
115481 312 2 894 685;1102 1
115677 313 1 947 947 1
115688 314 31 686 1180;1230;883;507;598;818;270;1007;616;178;513;632;935;452;775;706;662;583;1044;877;590;345;467;294;632;378;966;248;907;1158;804 3
115783 315 1 1114 1114 3
115810 316 2 715 658;772 23
115824 317 2 600 843;357 166
115835 318 1 825 825 4
115866 319 4 536 559;247;957;382 56
116028 320 3 526 701;382;494 2
116162 321 2 728 812;645 30
116327 322 2 740 991;489 336
116671 323 4 489 448;159;563;787 6
116836 324 9 691 630;858;552;417;1421;290;74;1017;958 4
117174 325 9 691 212;768;669;643;966;1304;719;461;479 102
117266 326 4 373 280;421;580;211 37
117456 327 6 818 870;1126;686;808;144;1277 1
117636 328 2 898 1068;727 1
117684 329 4 724 398;319;1342;837 1
117765 330 5 700 671;923;158;608;1142 1
117781 331 3 625 271;544;1061 1
117830 332 2 748 595;902 2
117832 333 3 547 71;784;785 182
117962 334 2 352 579;124 26
118001 335 4 877 1296;898;808;505 76
118572 336 4 856 501;939;1240;744 1
118887 337 1 1169 1169 1
119268 338 4 896 1058;892;780;856 1
119288 339 20 714 837;963;1437;196;666;878;1471;1076;621;427;445;205;405;109;1095;327;921;138;894;1160 5
119321 340 2 708 910;505 211
119736 341 5 707 1299;589;578;712;359 2
119933 342 14 641 710;433;592;931;190;144;1162;496;558;548;440;343;1427;997 2
119952 343 3 473 121;92;1207 1
119993 344 1 189 189 8
120039 345 2 838 1386;289 3
120409 346 9 573 182;360;913;170;172;1187;1081;390;699 150
120421 347 3 976 450;1163;1314 44
120650 348 9 789 1187;209;954;983;643;718;304;1134;969 1
121376 349 16 653 835;483;530;945;789;1311;541;800;457;112;934;557;347;1097;564;145 1
121526 350 2 535 559;511 1
121529 351 2 394 95;693 1
121956 352 2 466 662;269 1
121963 353 4 788 1253;772;850;276 31
121984 354 4 866 912;848;1191;513 40
122038 355 2 790 1078;503 1
122089 356 3 925 1117;1233;424 1
122332 357 3 470 477;360;574 1
122368 358 2 562 461;663 1
122391 359 2 878 1439;318 8
122473 360 4 446 448;102;593;643 11
122638 361 5 509 334;877;92;701;542 3
122673 362 9 637 503;598;754;1279;328;327;252;1090;602 1
122925 363 2 612 700;524 26
123041 364 2 996 865;1126 13
123104 365 3 717 581;221;1350 1
123177 366 4 665 551;543;1067;498 3
123286 367 20 654 333;195;1064;665;736;928;850;308;676;520;964;1109;532;915;586;578;437;1120;284;278 1
123301 368 5 735 532;937;908;365;931 1
123315 369 2 432 797;66 3
123349 370 7 587 254;678;1105;872;301;415;483 18
123416 371 8 767 762;685;996;956;1059;705;593;379 72
123420 372 5 652 289;1121;793;616;441 2
123587 373 2 594 874;314 21
123634 374 3 386 89;382;687 1
123663 375 4 834 836;1316;400;786 1
123677 376 6 759 995;920;476;209;1071;884 1
123712 377 4 512 581;544;392;529 16
123916 378 3 536 785;440;383 11
123918 379 3 545 1019;138;478 3
124010 380 3 289 503;126;238 4
124231 381 2 1094 755;1433 2
124273 382 19 561 444;717;1108;875;1460;220;475;480;1043;232;614;212;408;164;659;302;275;399;577 91
124335 383 2 474 319;630 6
124349 384 20 604 747;1190;165;981;168;724;101;196;578;954;577;566;832;680;400;528;1086;388;938;285 1
124544 385 3 776 953;1269;105 112
124579 386 10 708 911;1401;903;629;233;982;410;529;981;100 12
124735 387 11 571 739;823;630;140;314;778;180;1046;456;365;806 8
124778 388 1 345 345 2
124896 389 2 596 303;888 185
124977 390 3 767 1012;818;470 84
125037 391 5 569 408;68;418;1092;857 307
125925 392 2 1350 1326;1373 58
125966 393 2 793 789;797 3
126097 394 2 728 899;556 1
126158 395 2 706 814;597 54
126391 396 2 762 445;1080 1
126413 397 6 666 993;463;378;541;1148;471 33
126515 398 3 366 73;599;426 6
126976 399 1 488 488 49
127004 400 12 490 895;618;721;470;1393;190;194;592;270;75;249;212 40
127068 401 7 467 558;465;285;266;774;753;169 67
129151 402 2 929 841;1017 1
129298 403 4 359 223;915;167;131 39
129554 404 1 817 817 8
129626 405 6 594 367;757;705;419;694;619 8
129677 406 4 669 557;786;426;907 16
129728 407 4 872 1374;149;1106;859 11
130091 408 4 642 959;405;230;976 1
130308 409 1 698 698 2
130512 410 1 1224 1224 5
130552 411 7 746 811;926;757;1112;555;194;868 1
130558 412 2 422 322;523 1
130577 413 4 548 174;470;294;1256 3
131890 414 1 380 380 3
131946 415 1 87 87 1
132026 416 3 230 221;244;224 16
132868 417 3 480 74;939;426 16
132921 418 15 765 1316;1103;1103;1011;928;342;208;604;588;703;582;1077;774;705;424 11
133032 419 3 971 1103;1075;735 5
133071 420 3 415 129;298;819 1
133352 421 3 306 597;166;154 1
133405 422 4 732 629;1121;408;768 138
134484 423 4 731 883;919;569;553 6
134586 424 1 350 350 5
134754 425 2 690 589;792 287
134794 426 1 505 505 1
134938 427 2 562 160;964 71
136631 428 18 588 808;524;352;1048;1259;1080;231;722;285;189;535;593;746;183;277;1174;371;212 13
136688 429 12 758 309;557;1399;623;397;481;1421;985;403;518;1237;765 1
136896 430 8 569 301;1026;668;526;590;298;100;1041 2
137021 431 2 826 1272;380 3
137040 432 3 692 1195;349;533 102
137420 433 8 586 321;560;240;1134;872;868;380;313 195
137636 434 6 873 763;574;540;696;1405;1261 1
137648 435 3 584 435;119;1197 1
137947 436 13 653 542;60;1017;366;912;583;831;357;1072;471;713;1102;460 28
138049 437 3 722 467;840;858 257
138073 438 2 706 641;770 1
138155 439 9 562 763;147;463;509;305;834;246;758;1029 188
138593 440 2 402 500;304 251
138648 441 7 819 808;451;656;1342;792;923;762 148
138748 442 3 762 514;388;1385 13
138796 443 4 478 155;103;654;999 1
139007 444 9 752 1016;812;461;846;479;1014;1049;708;382 5
139127 445 2 854 994;715 12
139368 446 5 811 421;1368;1199;358;707 32
139490 447 1 702 702 5
139964 448 4 695 595;892;1008;284 47
140177 449 20 668 108;921;100;1178;1413;760;644;596;604;868;328;775;840;457;916;779;1090;291;117;584 1
140277 450 2 806 412;1201 3
140352 451 3 1210 987;1281;1363 1
140603 452 4 796 831;1181;460;710 2
140916 453 14 558 492;797;957;241;166;1068;214;184;336;319;762;1290;450;537 9
141034 454 4 744 817;414;1166;581 1
141196 455 4 449 467;73;410;846 93
141249 456 1 1178 1178 2
141279 457 7 495 332;542;158;556;363;538;979 1
141556 458 1 734 734 1
141765 459 8 592 850;506;371;395;650;802;603;555 10
141796 460 1 803 803 91
141882 461 9 742 635;432;1035;268;420;1224;447;1128;1085 206
141916 462 3 282 441;253;152 9
142035 463 4 458 295;1025;405;106 4
142065 464 18 737 496;865;296;1048;993;161;673;306;735;1195;1420;1059;495;1157;412;297;869;781 87
142322 465 3 612 630;666;539 2
142660 466 3 890 1076;166;1429 1
142911 467 5 592 425;1008;244;438;844 3
142942 468 2 408 242;574 2
143174 469 9 534 286;498;888;213;448;1264;647;296;269 338
143548 470 3 516 171;873;503 1
143851 471 7 768 820;1058;623;769;443;812;848 12
144004 472 2 880 385;1375 8
144483 473 6 850 995;1038;606;650;354;1460 1
144498 474 6 540 769;671;604;565;283;346 6
144532 475 2 630 719;540 2
144745 476 3 727 1244;437;499 1
144805 477 2 557 699;415 1
144878 478 3 346 307;391;341 3
145371 479 3 455 359;508;499 2
145671 480 2 849 642;1056 3
145912 481 1 390 390 28
146302 482 11 651 560;362;826;838;564;618;908;1030;87;199;1169 10
146346 483 6 520 620;971;542;90;605;290 4
146441 484 6 570 205;1114;208;277;237;1376 4
146474 485 12 526 482;692;977;791;714;354;855;292;275;202;410;264 1
146872 486 2 263 374;152 5
147211 487 3 538 580;339;694 5
147259 488 2 306 399;212 157
147279 489 2 510 361;658 1
147787 490 2 386 68;703 21
148336 491 2 476 266;687 11
148559 492 5 426 186;171;529;1069;176 4
148698 493 1 1202 1202 3
148796 494 5 542 681;394;749;529;357 1
148869 495 1 865 865 4
148902 496 5 935 500;884;997;1009;1287 117
148950 497 20 633 1131;1011;201;420;911;344;163;872;76;291;568;555;372;558;624;677;1016;1355;1225;292 7
149009 498 3 737 324;1090;798 1
149487 499 15 509 248;467;443;503;298;1143;991;359;870;483;542;338;138;640;169 10
149561 500 4 490 655;143;447;713 1
149749 501 1 269 269 3
152186 502 5 794 202;860;1139;779;989 1
152278 503 2 440 463;417 3
154902 504 5 808 343;692;1138;1308;557 10
155378 505 7 747 283;868;630;651;910;1134;750 16
155399 506 1 527 527 1
155614 507 53 683 1226;344;403;750;76;975;1044;1337;254;767;1120;848;259;471;1005;828;1233;553;213;1115;576;1133;487;838;442;346;408;1160;509;668;943;425;625;649;830;479;586;477;468;113;77;1231;496;314;407;908;876;972;1082;996;554;715;576 30
155979 508 4 852 984;467;1284;672 1
155982 509 2 610 832;387 12
156115 510 5 595 315;793;431;833;604 27
156200 511 3 411 399;156;679 2
156240 512 1 1253 1253 1
156725 513 8 768 977;130;801;490;1464;386;1480;418 2
157785 514 14 665 967;393;626;733;464;67;829;1054;414;1004;1278;270;774;438 26
157883 515 4 797 768;427;1199;795 220
158208 516 3 771 817;779;718 25
158234 517 3 915 1027;874;844 256
158718 518 5 469 713;340;588;556;150 24
158894 519 5 912 978;840;1129;976;636 1
159118 520 2 402 173;632 1
159165 521 4 716 409;841;1074;540 1
159796 522 11 585 922;500;712;722;371;258;477;206;845;825;595 9
159864 523 26 588 580;340;423;473;444;324;984;776;404;297;944;442;596;1120;675;1054;561;621;537;169;505;560;1131;312;577;426 1
160497 524 5 713 905;518;521;500;1122 2
160839 525 5 508 894;278;419;755;192 55
160861 526 3 685 714;977;364 5
162951 527 2 472 629;314 7
167177 528 7 667 897;599;1250;234;421;748;522 1
167288 529 8 631 937;474;1006;389;355;621;836;431 2
174183 530 10 834 645;994;524;727;1223;1441;1129;431;290;937 3
174847 531 3 580 1421;195;124 8
175980 532 11 557 662;1391;221;374;280;217;784;663;423;576;531 13
176169 533 6 685 1013;874;827;288;732;377 227
176866 534 26 679 728;973;65;643;759;280;252;564;862;947;1099;767;696;1335;221;781;401;909;1414;82;443;993;622;834;540;450 9
179383 535 12 640 130;518;735;957;833;801;268;430;775;670;704;860 6
180982 536 2 614 282;947 104
181148 537 13 465 823;369;728;615;320;654;673;213;199;456;303;302;396 4
181595 538 2 364 314;415 1
184093 539 2 388 166;610 3
189377 540 4 639 1166;614;535;242 32
189521 541 4 722 794;1048;853;191 3
191168 542 3 862 816;361;1409 3
191275 543 2 737 706;768 306
191374 544 5 989 1136;658;1259;1226;666 13
191406 545 2 484 600;368 1
191537 546 4 759 117;561;1200;1157 5
191590 547 3 903 1143;1024;541 1
191674 548 11 861 1063;1231;1191;682;1009;610;672;863;1171;503;473 3
191688 549 8 768 852;1163;390;1071;358;1129;1043;142 2
191715 550 5 484 420;137;510;553;801 20
191734 551 10 681 1074;461;950;517;149;561;337;522;934;1306 4
191789 552 4 771 790;747;340;1208 57
192243 553 3 748 1084;790;369 93
192376 554 7 647 528;380;610;528;269;862;1351 3
192549 555 3 633 687;378;834 87
192728 556 2 294 476;112 130
193004 557 2 608 378;837 1
193074 558 4 594 805;561;376;635 149
193100 559 4 476 336;232;282;1055 7
193141 560 6 543 546;404;811;632;299;564 13
193174 561 1 717 717 4
193629 562 5 861 416;624;1389;984;892 29
193745 563 17 796 1171;463;891;860;785;407;435;755;1095;540;685;795;273;1372;987;928;1084 3
193781 564 2 568 893;244 3
193855 565 2 578 651;505 1
193901 566 51 726 335;547;448;726;842;371;988;1255;159;1030;640;962;1209;841;644;771;1039;498;312;587;1015;896;817;813;391;762;679;697;233;507;1429;657;747;389;976;1051;841;1209;1216;672;656;670;69;346;62;444;1071;1473;344;921;762 4
194049 567 2 1140 796;1485 2
194232 568 6 582 576;1142;217;344;633;578 2
194298 569 7 467 358;243;978;447;320;308;617 10
194403 570 1 818 818 2
194483 571 1 868 868 6
194575 572 4 447 191;859;448;289 1
194600 573 27 721 391;618;1168;984;560;871;1462;427;623;807;323;689;612;1005;262;725;525;517;1251;211;678;392;298;908;987;1151;1033 13
194618 574 6 525 523;887;432;625;417;264 7
194620 575 3 722 1340;453;373 3
194638 576 3 781 561;777;1006 7
194721 577 12 545 476;254;112;91;839;757;1023;896;490;512;612;479 2
194739 578 8 741 1299;625;927;186;693;340;845;1016 7
194763 579 2 972 809;1135 1
194962 580 2 786 1098;473 1
194981 581 2 632 627;637 3
195015 582 15 625 256;918;821;1084;694;877;597;665;629;179;485;835;232;749;355 2
195117 583 4 708 423;174;1500;735 1
195253 584 5 751 569;369;670;839;1307 1
195351 585 4 711 535;456;1338;516 7
195378 586 3 760 512;1024;745 91
195409 587 10 724 416;490;712;384;1095;504;991;408;1199;1039 1
195491 588 2 943 1115;771 3
195856 589 3 885 816;633;1207 5
195862 590 2 912 595;1228 29
195928 591 18 664 529;1201;801;1245;159;980;312;486;263;773;1115;981;197;1089;590;253;189;780 10
196158 592 1 980 980 1
196170 593 40 620 343;1260;848;350;1229;541;1293;767;782;854;467;259;349;117;1469;69;234;505;784;280;109;809;199;376;647;388;247;621;889;692;214;728;920;544;1237;970;568;1109;482;252 9
196298 594 7 830 455;1373;536;1253;783;893;514 9
196407 595 5 885 1241;553;778;1029;823 3
196417 596 16 746 856;692;1155;1069;1161;182;1020;862;280;545;723;516;133;957;964;822 2
196444 597 2 602 663;542 7
196468 598 3 780 983;638;718 2
196491 599 1 857 857 14
196611 600 1 858 858 1
196641 601 3 248 161;299;285 1
196690 602 1 455 455 8
196697 603 3 649 1085;411;451 263
196820 604 4 770 863;447;616;1155 109
196855 605 4 672 727;337;1090;536 248
196863 606 4 602 569;883;363;594 6
196881 607 8 842 754;1333;818;831;454;1245;479;821 90
196930 608 6 994 889;962;1116;1486;941;571 34
197146 609 7 867 840;1100;872;744;1465;770;277 6
197167 610 2 736 527;944 2
197399 611 4 852 798;682;1029;901 2
197431 612 2 966 735;1197 15
197503 613 7 436 181;687;252;454;584;81;814 3
197578 614 4 483 659;618;249;405 92
197692 615 2 342 228;456 87
197766 616 2 580 659;500 37
197828 617 4 936 297;1364;959;1122 11
197863 618 17 710 329;268;777;1158;856;958;876;568;972;256;898;728;664;596;984;613;577 137
197973 619 2 668 754;581 5
198034 620 5 744 985;989;369;648;731 1
198165 621 6 554 145;916;318;351;883;711 4
198214 622 8 728 1120;809;595;532;634;1201;800;132 7
198341 623 3 767 1100;963;239 1
198563 624 3 651 395;753;805 1
198766 625 2 458 617;300 2
198809 626 1 743 743 2
198824 627 2 608 790;426 10
198896 628 2 345 123;567 1
198977 629 85 702 419;917;378;619;66;67;735;595;1224;633;557;1419;337;1253;503;1334;816;1014;217;1142;916;497;460;804;784;680;743;885;818;786;1037;486;1260;157;571;923;1140;566;809;741;754;637;607;991;307;371;599;348;1086;1015;1156;287;818;160;944;398;483;95;1170;824;368;472;780;253;373;895;670;447;487;1106;966;553;254;294;469;360;565;1121;864;1149;731;1124;1226;801;943 1
199099 630 8 872 562;994;806;923;598;1241;1165;683 2
199155 631 29 663 905;1071;356;665;453;871;590;702;384;1094;333;561;500;242;1079;590;812;707;1144;82;381;1255;770;833;768;552;402;416;707 1
199325 632 3 602 446;911;449 1
199366 633 16 516 641;411;802;356;515;533;721;485;1000;378;237;195;118;739;1012;115 9
199559 634 3 545 226;941;468 3
199568 635 6 465 384;415;819;79;342;751 1
199616 636 8 646 553;1244;692;670;447;148;719;694 1
199760 637 4 798 273;1226;840;855 1
199971 638 2 922 853;990 47
200146 639 58 680 735;390;736;138;520;516;79;236;429;840;965;856;612;1202;70;1435;554;759;1468;710;398;1025;931;468;323;687;542;723;895;835;1384;646;728;1127;417;753;595;503;836;374;1323;275;256;971;176;439;709;730;345;411;384;1305;1165;431;1010;543;1225;318 8
200492 640 2 654 851;456 1
200501 641 5 620 661;1206;203;491;541 15
200566 642 2 634 997;271 27
200815 643 38 707 1031;210;666;173;880;570;748;659;1211;1354;195;920;803;1035;132;696;1127;724;858;516;998;760;251;110;838;1014;318;477;678;841;689;1201;994;512;405;479;700;1080 6
200851 644 2 518 237;798 2
200883 645 2 572 602;541 1
200918 646 3 582 403;870;474 1
200936 647 3 475 898;374;154 10
201748 648 7 675 799;587;641;602;493;660;946 10
201757 649 2 750 871;628 5
201944 650 10 668 953;773;569;856;539;917;416;865;306;490 16
201962 651 2 564 831;296 223
202057 652 2 750 597;903 12
202089 653 17 606 633;1144;558;979;340;739;1100;863;247;425;543;449;614;459;362;634;206 3
202393 654 3 673 541;1274;203 44
202442 655 1 403 403 1
202456 656 2 724 1030;418 1
203283 657 2 262 87;438 4
203331 658 2 760 798;722 9
203429 659 2 763 890;636 1
203498 660 2 1006 805;1206 118
203867 661 4 388 407;675;384;85 1
203924 662 6 812 1305;1202;294;848;828;393 6
203977 663 6 419 162;369;678;621;475;207 120
203991 664 5 734 558;1015;857;546;695 314
204124 665 2 718 732;705 15
204138 666 10 893 590;613;299;1191;1358;1027;1136;1266;652;800 1
204428 667 3 692 868;640;567 6
204449 668 8 736 527;791;422;901;743;758;784;965 1
204596 669 5 395 438;324;107;950;155 1
204599 670 3 584 352;1206;195 1
205304 671 4 366 620;286;404;156 223
205329 672 6 909 676;1236;1120;1069;1062;293 64
205663 673 1 546 546 4
206202 674 8 924 894;796;591;1257;1027;1021;863;942 20
206230 675 3 500 202;514;783 1
206752 676 3 1244 1475;996;1260 1
206793 677 2 722 475;968 1
207101 678 2 426 325;528 1
207346 679 3 757 558;520;1192 162
207432 680 18 619 1226;1104;576;687;166;363;670;175;727;724;525;156;815;344;1163;294;560;868 14
207677 681 4 649 568;1033;370;626 1
207705 682 2 570 616;524 1
207774 683 4 1050 846;1171;933;1249 1
207780 684 8 485 493;477;622;529;62;616;947;137 54
207892 685 2 737 981;493 3
207934 686 9 476 370;626;624;598;343;281;247;873;325 1
207952 687 15 636 859;912;1015;858;209;636;872;510;920;298;590;101;531;282;940 2
208041 688 8 688 939;452;667;547;613;951;552;782 8
208130 689 2 984 1012;956 4
208420 690 3 631 704;1019;171 12
208526 691 4 759 196;762;1183;896 6
208624 692 9 676 1003;451;825;391;650;1292;471;478;519 1
211038 693 3 585 454;624;678 1
211051 694 7 628 1302;661;637;309;604;357;527 3
211247 695 2 720 188;1253 4
211567 696 2 548 467;630 10
212029 697 5 894 608;594;1328;1108;831 1
212094 698 6 797 840;1200;935;252;630;926 4
212111 699 2 762 772;753 43
212161 700 6 590 1078;491;191;577;909;297 1
212324 701 4 662 448;1123;557;518 8
213970 702 3 267 273;309;218 5
214194 703 4 509 1010;493;460;72 147
214463 704 2 474 609;340 1
214734 705 28 702 238;933;220;409;1080;945;485;681;641;622;783;958;214;524;1096;882;1260;750;246;496;945;71;1147;150;1027;640;1019;1186 10
215169 706 4 554 937;267;557;453 2
216478 707 2 451 386;516 8
216560 708 8 498 337;397;331;1101;516;612;387;300 14
216578 709 1 694 694 1
216628 710 2 909 680;1138 53
217802 711 2 358 365;351 34
217812 712 5 382 159;125;351;847;429 2
217828 713 1 747 747 1
217862 714 2 856 1391;320 1
219290 715 8 605 430;988;590;756;580;420;629;446 43
219364 716 4 808 1229;907;450;645 16
219377 717 21 588 767;525;75;961;632;188;1016;826;584;631;678;240;468;261;329;951;304;550;768;1112;478 1
219403 718 3 566 978;360;360 2
219405 719 4 818 530;930;1330;481 5
219453 720 3 747 751;991;498 4
219604 721 3 541 709;409;504 29
219632 722 2 1287 1124;1450 3
219720 723 8 721 1477;945;627;468;886;413;483;469 3
219846 724 6 686 1081;1376;278;506;425;451 4
219861 725 2 650 540;761 5
219870 726 5 550 83;595;816;690;567 49
220059 727 3 567 635;819;246 2
220213 728 2 724 573;875 81
220337 729 1 870 870 5
220578 730 8 498 121;909;87;102;1204;257;512;795 1
220674 731 3 575 164;1408;152 1
220880 732 6 844 1032;648;896;999;906;583 315
221276 733 8 540 197;373;1219;92;441;734;312;954 209
221848 734 2 457 724;190 1
221908 735 3 486 728;431;298 7
222101 736 2 813 975;651 1
222255 737 4 765 1352;198;363;1146 1
222352 738 3 448 434;729;182 2
222380 739 3 566 233;497;967 3
222429 740 3 389 640;296;231 122
222538 741 3 920 1228;419;1113 44
222571 742 3 388 358;339;466 1
222607 743 7 533 624;848;464;557;222;284;729 1
222740 744 11 536 940;152;824;365;553;417;772;488;73;604;707 1
222803 745 3 586 167;813;778 1
222857 746 6 410 1091;253;487;201;235;191 1
222934 747 6 549 987;933;522;494;189;170 19
223043 748 4 864 759;1209;406;1082 77
223122 749 3 821 108;1485;870 3
223179 750 2 438 64;811 21
223264 751 9 751 491;120;752;1474;599;1121;806;250;1146 1
223330 752 6 806 778;1288;904;668;547;653 26
223951 753 2 796 1044;547 66
224469 754 2 424 167;680 4
225083 755 2 584 406;763 1
225292 756 2 846 988;703 7
225351 757 2 909 1100;718 4
225646 758 6 620 869;438;919;889;62;540 2
225795 759 10 734 694;684;406;598;451;634;1313;1174;295;1091 239
225861 760 1 240 240 3
225985 761 5 586 1270;233;642;546;240 23
226030 762 8 660 426;85;862;565;696;843;876;929 76
226047 763 4 469 285;322;597;673 87
226080 764 2 524 582;465 33
226408 765 3 536 690;285;632 12
226489 766 2 859 1244;474 8
226906 767 41 681 905;1011;498;1198;471;459;392;215;1016;1026;413;640;1106;421;1358;1206;471;1342;1030;718;579;810;592;848;620;265;329;146;210;346;844;427;693;618;431;753;895;822;869;226;700 2
227311 768 2 1206 1474;939 6
227509 769 4 394 492;282;448;352 1
227583 770 2 491 631;351 4
227791 771 1 154 154 1
227879 772 2 462 367;558 2
227939 773 3 700 766;941;393 21
228005 774 17 733 681;841;449;228;700;75;1205;1282;100;788;763;983;731;727;1090;589;1233 13
228197 775 3 695 614;269;1201 4
228390 776 2 744 283;1205 1
228410 777 4 762 564;647;760;1077 1
228541 778 7 396 466;386;557;247;169;476;472 17
230520 779 3 509 90;757;681 10
231148 780 1 994 994 2
231182 781 3 670 650;670;690 19
231794 782 9 694 685;296;779;573;759;339;848;1284;680 14
231841 783 17 663 1401;409;719;141;413;225;660;767;1281;390;1365;72;282;336;977;789;1043 3
231999 784 6 579 708;848;122;412;471;914 1
232773 785 6 602 519;1358;522;393;241;580 1
232908 786 2 456 380;532 3
233051 787 9 729 625;761;298;701;1366;719;424;1361;305 1
233185 788 2 545 664;426 2
235188 789 3 860 381;1081;1118 1
235244 790 9 684 722;259;775;124;882;627;1354;865;546 76
235677 791 4 584 487;701;497;649 11
237022 792 3 742 153;963;1111 181
237126 793 4 591 233;494;447;1190 1
238122 794 2 990 1165;816 3
238179 795 4 729 1112;472;562;771 2
238355 796 4 715 725;430;579;1127 99
238462 797 15 613 170;919;978;348;288;628;1321;703;461;777;650;198;946;271;537 1
239012 798 3 508 191;280;1053 3
239414 799 18 640 651;957;1369;556;435;595;654;492;123;639;848;101;1213;893;134;624;542;691 7
239662 800 1 341 341 8
239688 801 6 671 1114;730;556;714;449;464 132
239725 802 6 478 821;168;510;421;450;499 3
240037 803 9 759 633;1330;1051;720;625;605;710;809;348 3
240176 804 3 693 332;558;1188 350
240739 805 3 870 274;1113;1224 13
240853 806 1 930 930 33
240899 807 1 396 396 3
241042 808 2 692 895;490 1
241684 809 2 416 189;642 163
242770 810 6 596 697;453;275;496;1239;415 1
243507 811 2 794 197;1392 48
244218 812 2 340 427;254 11
244738 813 10 869 1085;627;788;1397;702;1479;905;501;668;534 3
246422 814 3 415 159;85;1002 2
247710 815 7 735 1006;187;1205;911;252;787;799 120
248614 816 2 680 1228;131 2
248934 817 2 1050 1354;745 82
249372 818 1 442 442 2
249537 819 3 701 975;586;543 4
249591 820 2 528 725;330 1
249923 821 3 490 312;548;609 21
250014 822 1 725 725 5
250485 823 3 869 863;861;884 5
251131 824 2 200 116;284 2
251531 825 3 506 170;670;679 12
252362 826 9 501 647;509;299;163;374;537;69;844;1064 16
252488 827 5 819 917;672;1250;359;899 3
253522 828 5 578 212;202;723;964;791 2
255845 829 3 331 519;395;80 2
256392 830 4 655 667;1118;216;619 4
257932 831 5 431 298;288;239;900;429 21
258069 832 2 446 662;229 2
258202 833 6 744 1145;673;814;350;1047;438 1
258415 834 5 842 501;1292;313;1222;883 7
258642 835 2 944 407;1480 1
258973 836 3 317 507;171;273 1
259964 837 8 767 448;478;1190;657;1230;636;752;743 1
260258 838 4 640 1390;430;260;482 3
265790 839 7 493 272;852;559;559;441;418;351 1
266226 840 1 1192 1192 1
266430 841 2 622 394;849 1
268021 842 2 686 767;604 8
276881 843 3 651 502;480;971 8
283081 844 6 621 361;750;634;448;387;1146 1
283942 845 5 397 590;281;662;377;77 6
284016 846 3 523 772;424;372 10
284061 847 2 828 1021;634 3
284848 848 3 837 470;759;1283 8
284865 849 1 1398 1398 3
284874 850 3 749 721;859;666 18
285038 851 3 666 424;198;1377 3
285972 852 4 659 1312;380;479;465 7
286175 853 2 510 412;607 2
286339 854 2 768 867;670 1
286486 855 6 554 760;467;552;229;193;1121 4
286935 856 6 619 296;625;996;408;951;437 127
286954 857 4 929 1026;559;989;1141 2
286967 858 9 693 723;863;265;425;817;351;844;486;1466 7
287096 859 2 781 702;860 1
287306 860 3 484 283;726;442 1
287357 861 4 591 1164;177;452;572 19
287407 862 2 782 748;816 1
287425 863 1 1167 1167 13
287488 864 5 729 553;576;982;846;688 57
287495 865 8 739 1410;609;354;1128;445;410;1033;524 12
287664 866 6 709 765;363;783;1074;964;306 1
287818 867 6 738 818;868;577;1063;519;585 1
288039 868 2 601 762;440 1
288473 869 10 512 775;864;350;975;424;478;106;153;552;444 200
289392 870 3 478 356;339;739 273
289465 871 8 576 116;121;921;495;704;455;743;1049 1
289589 872 7 1022 812;636;1154;1161;1148;1305;940 1
289912 873 4 717 865;639;456;907 39
289961 874 3 458 702;206;465 16
290102 875 1 594 594 13
290498 876 6 563 1271;588;556;121;620;224 1
290560 877 3 732 780;403;1012 39
290635 878 2 572 218;927 4
290739 879 3 733 933;659;606 1
290754 880 6 606 394;932;360;339;730;878 2
290864 881 8 553 516;739;296;667;661;134;892;521 45
291188 882 2 692 85;1299 7
291213 883 4 247 253;357;291;88 8
291440 884 4 640 644;771;560;584 1
291874 885 2 686 657;716 5
291877 886 2 482 826;138 11
291894 887 3 914 607;1151;983 14
292041 888 1 603 603 346
292056 889 2 903 890;916 14
292066 890 2 608 639;577 39
292073 891 3 486 550;342;567 121
292289 892 2 660 679;640 30
293004 893 26 586 786;97;962;206;573;78;193;241;1150;1251;939;976;457;251;296;312;457;841;549;513;670;431;728;332;888;1054 2
293139 894 13 690 758;934;295;689;91;819;607;654;914;1146;556;819;687 1
293415 895 2 911 601;1221 1
294414 896 1 1111 1111 234
294441 897 5 825 877;590;906;1092;662 1
294461 898 2 250 332;169 5
294495 899 3 495 112;529;844 1
294684 900 2 108 151;65 1
294848 901 9 626 275;1194;1041;460;174;752;437;734;570 213
294867 902 1 921 921 1
294888 903 2 430 441;418 2
294922 904 7 1039 1134;1044;993;888;590;1415;1212 7
295176 905 2 724 942;506 1
295200 906 3 839 675;1028;813 24
295224 907 1 904 904 3
295594 908 5 871 1037;911;787;917;701 3
295656 909 2 640 429;850 2
295726 910 6 718 349;1094;469;304;1264;825 6
296213 911 18 694 655;890;1458;659;501;1362;203;1147;676;357;1048;641;209;309;1047;579;78;676 1
296220 912 6 604 775;155;577;1072;308;739 33
296344 913 6 565 1005;65;1055;222;546;496 2
296449 914 8 840 945;482;1226;830;757;276;1102;1098 7
296466 915 4 899 932;790;747;1127 353
296637 916 3 752 545;1148;562 5
296775 917 2 910 1138;682 4
296800 918 4 648 814;626;1077;77 116
296813 919 2 720 525;915 1
297088 920 4 854 1166;702;1046;501 291
297131 921 1 838 838 10
297416 922 2 564 652;475 9
297506 923 2 1271 1151;1391 233
297667 924 3 563 1105;487;96 1
297681 925 2 720 596;845 13
297757 926 9 654 374;757;627;539;694;435;1138;387;939 3
297804 927 6 568 766;1067;281;207;942;142 4
297830 928 3 529 877;386;324 47
298127 929 2 772 937;607 3
298672 930 6 497 325;377;810;349;521;602 2
298896 931 2 846 751;942 6
299382 932 8 774 693;723;367;561;969;707;1331;845 4
299404 933 7 619 603;1081;451;673;223;796;507 6
299550 934 1 779 779 28
299561 935 2 599 365;833 8
299581 936 15 755 1141;502;830;576;505;184;688;247;1483;814;1241;1147;635;357;979 1
299660 937 14 624 287;757;585;1266;249;400;696;503;684;383;691;1223;87;926 3
299793 938 6 871 705;1054;812;980;1040;633 88
299811 939 2 688 637;738 7
299877 940 2 622 659;584 2
299934 941 7 571 1083;1187;422;269;331;378;327 42
300613 942 8 506 268;762;467;933;718;154;410;336 2
300665 943 11 612 447;424;468;919;641;632;712;396;1126;605;366 1
300820 944 20 670 574;466;330;727;861;349;841;371;1031;612;1447;320;1054;368;575;112;714;989;689;977 99
300851 945 3 894 799;1375;507 5
300938 946 7 610 729;115;613;1169;551;357;737 1
300958 947 4 831 638;854;793;1039 1
301064 948 3 839 1109;393;1015 5
301715 949 4 718 1280;874;423;295 2
301869 950 4 562 486;642;918;203 1
301911 951 4 680 1037;228;355;1099 1
301941 952 4 799 1063;800;577;756 74
301970 953 6 767 777;192;999;1073;624;939 51
302060 954 2 957 1293;621 2
302144 955 2 1052 1357;747 1
302298 956 2 568 584;552 8
302414 957 1 498 498 239
302793 958 2 536 528;543 7
302798 959 2 540 731;348 89
302846 960 3 751 1195;530;527 20
302864 961 2 796 1134;457 6
302866 962 11 718 832;415;911;953;514;280;787;691;1070;419;1022 1
303185 963 4 815 636;846;1204;574 153
304598 964 2 658 696;621 2
304745 965 5 617 1113;309;170;794;697 7
304873 966 2 406 65;746 94
304918 967 3 799 609;566;1221 1
304989 968 8 740 796;959;430;909;1241;644;613;329 49
305068 969 2 476 315;636 10
305482 970 2 437 623;251 2
305533 971 4 447 546;142;860;240 4
305553 972 6 460 427;878;413;451;192;398 7
305662 973 8 621 690;699;499;582;911;401;813;374 29
305888 974 1 531 531 3
305912 975 1 250 250 5
305987 976 5 601 1013;843;455;614;81 1
306984 977 9 767 398;999;427;1194;827;664;592;959;843 23
307189 978 22 589 947;291;444;326;690;567;856;231;343;248;303;798;778;747;548;396;531;63;986;814;1028;1032 9
307240 979 5 992 1192;1214;179;1320;1057 1
308480 980 4 446 555;442;492;297 1
308528 981 3 504 422;202;887 1
308590 982 3 647 1092;600;249 1
308930 983 8 662 616;633;612;1081;663;174;1019;494 1
309131 984 6 795 449;1460;427;799;793;841 1
309187 985 4 573 137;385;804;965 11
309232 986 8 736 1027;580;311;860;964;776;281;1093 7
309346 987 3 399 182;522;493 24
309400 988 6 730 643;946;1035;741;870;147 2
310467 989 2 492 130;853 102
310542 990 4 546 1226;254;489;213 1
310860 991 5 550 250;635;307;517;1039 2
310866 992 7 571 277;610;344;520;407;1279;561 49
312041 993 2 743 1126;360 1
312250 994 10 632 99;729;778;1089;758;260;390;294;1361;565 1
312595 995 1 966 966 4
312635 996 1 750 750 2
312643 997 3 566 1215;132;350 2
312931 998 4 804 921;469;549;1276 5
312976 999 3 695 821;497;766 20
317091 1000 2 544 919;168 268
317392 1001 7 572 1040;276;747;656;328;593;361 1
317642 1002 2 775 1010;540 5
317858 1003 5 739 653;1268;722;915;137 1
318254 1004 26 667 579;414;457;504;225;1270;138;558;1164;1017;743;635;144;654;948;365;169;1071;1040;745;617;801;753;534;320;1474 2
318899 1005 10 898 1295;1146;539;1231;753;541;1301;1059;436;682 20
319041 1006 2 420 407;433 1
319397 1007 2 500 607;393 1
319590 1008 1 590 590 2
319726 1009 3 304 165;475;272 16
320119 1010 2 520 659;381 10
320223 1011 2 266 280;253 56
321008 1012 4 580 476;413;1125;304 1
321541 1013 4 585 370;930;944;97 145
322854 1014 2 442 212;672 1
323123 1015 2 322 254;390 1
324715 1016 2 862 541;1182 167
324803 1017 3 279 368;298;172 2
325753 1018 13 637 964;279;1057;139;1166;1394;408;587;537;96;811;405;432 3
325770 1019 3 606 974;324;520 4
325988 1020 1 993 993 1
327363 1021 3 489 434;262;771 1
327629 1022 4 701 512;814;738;740 4
331271 1023 1 440 440 1
331283 1024 1 310 310 4
331482 1025 3 382 531;222;394 42
331678 1026 8 439 287;194;73;399;662;515;765;620 58
331753 1027 5 667 542;609;644;1003;538 3
331810 1028 4 642 734;706;135;994 3
334056 1029 15 849 682;572;996;1024;259;953;504;1026;1056;441;1197;1274;594;1247;916 1
334152 1030 6 526 308;755;489;347;769;488 72
334624 1031 8 747 553;1036;183;769;657;998;1038;744 5
334698 1032 3 541 235;658;731 68
335715 1033 3 816 718;790;940 10
336125 1034 5 610 643;565;192;326;1326 1
336363 1035 4 665 606;1136;602;316 1
336510 1036 1 540 540 2
337046 1037 4 604 205;180;1108;921 1
338617 1038 4 770 905;612;566;995 10
339086 1039 5 662 904;868;201;623;715 1
340641 1040 1 855 855 5
341978 1041 2 902 852;952 3
342019 1042 2 368 522;213 146
342265 1043 2 610 178;1042 3
342809 1044 4 736 1138;531;709;565 6
343135 1045 6 574 753;407;501;690;352;738 7
343359 1046 2 502 398;605 15
348789 1047 2 509 771;247 132
351496 1048 17 822 1199;1259;1009;1199;421;1038;291;1394;1261;348;378;121;805;889;202;1278;881 4
357659 1049 3 871 1074;554;984 1
376135 1050 3 660 438;783;760 1
376140 1051 7 703 170;1062;547;921;525;415;1284 4
376150 1052 2 823 1337;309 59
376154 1053 2 1241 1377;1105 44
376373 1054 3 853 970;631;958 11
376409 1055 6 985 826;535;948;1331;1186;1085 3
376422 1056 6 812 430;1426;762;797;1206;248 3
376496 1057 2 545 806;284 5
376727 1058 2 353 388;318 4
377153 1059 2 497 461;533 2
377454 1060 30 638 1066;1050;990;72;1123;704;713;712;752;636;71;276;525;975;760;859;605;332;890;71;654;670;715;541;300;378;584;1026;812;263 6
377496 1061 3 894 1067;614;1001 3
377635 1062 3 546 310;493;836 1
377647 1063 3 448 593;630;121 1
377679 1064 6 666 908;472;489;1115;175;837 1
378077 1065 4 737 882;1184;426;456 8
378127 1066 2 378 577;180 285
378182 1067 3 532 558;363;675 8
378238 1068 12 706 1131;493;804;594;689;860;246;934;1198;102;702;717 1
378243 1069 3 468 209;747;447 52
378263 1070 3 908 770;1226;729 4
378287 1071 3 751 417;588;1248 1
378304 1072 10 594 835;608;570;877;508;668;497;422;518;432 5
378514 1073 14 598 827;71;788;176;978;1197;767;109;344;587;961;698;420;449 103
378527 1074 1 552 552 6
379569 1075 22 631 808;581;1228;540;370;631;430;920;491;519;912;723;905;879;660;361;340;241;777;519;323;723 115
379583 1076 7 597 1229;769;937;322;110;572;241 13
379604 1077 6 564 628;496;375;588;901;393 3
379623 1078 2 754 596;912 24
379632 1079 26 636 256;624;469;833;217;148;563;386;324;899;1483;358;626;947;590;936;1242;520;395;823;853;580;524;853;474;603 1
379652 1080 1 1078 1078 22
379702 1081 4 866 876;577;862;1148 2
379729 1082 11 830 378;628;877;1007;840;865;1265;1003;639;1128;496 1
379751 1083 3 358 263;739;72 20
379775 1084 13 579 171;153;1041;945;335;669;750;213;635;999;385;466;764 10
379856 1085 3 657 328;939;704 16
380153 1086 1 1017 1017 2
380249 1087 7 676 773;311;754;985;932;151;825 177
380251 1088 2 678 838;519 1
380284 1089 2 649 721;577 56
380301 1090 8 529 100;377;118;1154;1044;61;830;548 34
380358 1091 10 724 454;1403;596;160;1274;171;738;680;880;880 1
380381 1092 2 862 737;988 9
380449 1093 1 600 600 1
380564 1094 5 545 326;789;716;603;291 27
380592 1095 5 681 300;363;740;875;1128 1
380612 1096 14 850 590;1007;766;777;626;1344;1027;376;1414;572;1094;766;643;899 7
380621 1097 4 900 620;719;1355;904 7
380658 1098 4 738 737;526;1028;662 40
381764 1099 6 652 1223;245;637;426;895;489 1
381780 1100 4 500 113;430;551;908 4
381834 1101 5 604 585;789;1005;422;221 1
381870 1102 2 476 547;406 28
381898 1103 3 611 470;92;1270 2
381942 1104 10 670 207;311;292;378;934;1145;1122;332;634;1348 16
381999 1105 2 366 368;364 2
382105 1106 4 522 981;139;535;435 1
382189 1107 8 523 541;583;152;761;663;656;231;595 6
382363 1108 4 616 378;315;1090;680 1
382489 1109 51 691 772;1341;147;818;721;504;422;1117;455;825;792;624;1286;918;205;491;571;1097;624;546;520;1314;770;839;376;318;1156;805;1323;387;715;357;264;148;755;725;1336;838;952;282;600;687;291;706;1316;504;586;194;325;864;719 10
382601 1110 2 912 1238;585 5
382625 1111 1 306 306 92
382708 1112 5 1005 465;1490;1249;1345;477 35
382933 1113 2 578 281;876 11
383148 1114 15 602 541;860;656;925;357;731;378;212;486;959;775;769;734;460;193 15
383208 1115 3 558 355;815;505 3
383347 1116 3 810 1392;569;470 1
383446 1117 2 900 998;803 2
383523 1118 5 850 861;1315;631;1231;210 1
383544 1119 3 577 647;744;339 2
383555 1120 3 964 1065;975;853 29
383755 1121 1 1043 1043 3
383851 1122 4 794 842;1278;719;337 1
384082 1123 6 472 359;222;468;535;660;587 104
384136 1124 1 377 377 1
384188 1125 10 692 1422;105;241;1131;696;725;850;553;315;885 2
384290 1126 3 802 731;870;805 4
384341 1127 3 970 1024;999;887 2
384554 1128 8 817 267;795;800;949;769;953;1111;895 25
385541 1129 1 1252 1252 46
385622 1130 2 576 301;851 4
385800 1131 5 562 323;351;617;486;1035 3
386043 1132 2 791 1103;479 1
386047 1133 3 723 855;391;922 1
386116 1134 12 561 366;716;163;329;255;1043;591;1019;816;252;865;315 1
386151 1135 20 598 422;645;548;971;455;132;266;403;842;567;783;903;245;412;490;401;597;976;826;1080 62
386282 1136 7 482 419;216;333;77;892;479;960 1
386306 1137 4 598 295;529;672;897 5
386470 1138 2 876 1032;720 31
386532 1139 2 762 1158;367 3
386798 1140 2 658 985;332 11
387167 1141 2 628 410;845 5
387312 1142 4 843 442;796;1047;1086 2
387370 1143 9 628 647;343;673;1079;577;252;573;758;752 2
387570 1144 3 579 262;936;538 8
387573 1145 5 715 821;953;148;661;992 3
387597 1146 2 518 153;883 10
387750 1147 7 533 677;391;203;883;116;1039;420 125
387776 1148 7 671 371;787;342;974;376;410;1438 1
387950 1149 1 393 393 44
388035 1150 15 647 620;765;844;240;774;331;933;867;1130;680;308;550;435;277;958 4
388048 1151 3 895 1196;946;544 1
388175 1152 3 783 1038;780;531 3
388181 1153 2 563 913;213 1
388213 1154 5 700 567;234;743;695;1263 13
388313 1155 2 517 152;882 4
388470 1156 1 733 733 5
388507 1157 4 499 724;265;684;324 286
388610 1158 3 732 474;720;1001 11
388674 1159 16 708 915;681;412;584;908;365;1032;928;107;578;1048;1066;788;642;528;753 1
388709 1160 3 657 254;791;927 39
388749 1161 1 640 640 8
388907 1162 2 458 509;408 51
389021 1163 6 393 261;351;359;328;529;531 29
389053 1164 2 497 568;426 8
389057 1165 8 563 530;223;730;461;175;687;987;713 66
389607 1166 7 647 481;1045;900;624;142;616;720 8
389874 1167 3 1252 1249;1359;1149 116
390007 1168 1 835 835 22
390465 1169 1 479 479 1
390947 1170 2 645 733;557 1
391163 1171 5 949 1267;215;887;1043;1332 15
391333 1172 3 885 805;620;1229 3
391362 1173 7 479 494;508;131;358;762;647;451 1
391382 1174 10 669 1194;778;129;382;1131;409;139;361;935;1233 2
391401 1175 5 699 984;507;437;542;1025 1
391458 1176 3 766 1422;381;494 2
391634 1177 8 809 892;273;541;1127;1176;1096;331;1039 2
392082 1178 4 510 212;535;492;799 32
392105 1179 2 720 531;908 104
392125 1180 3 779 1222;636;480 6
393573 1181 2 414 270;558 14
393649 1182 2 806 764;849 4
394039 1183 2 828 892;763 7
394149 1184 7 838 1181;484;1025;1188;1099;242;649 45
394223 1185 2 550 514;586 5
394241 1186 2 776 847;706 12
394983 1187 1 356 356 2
394989 1188 8 837 197;659;1213;844;485;1050;838;1408 3
395055 1189 3 533 346;490;763 5
395750 1190 3 513 781;241;518 52
396485 1191 1 819 819 13
396621 1192 5 696 1385;295;456;870;474 6
396687 1193 7 447 490;135;254;436;519;270;1023 6
396717 1194 2 478 459;496 1
396992 1195 6 775 558;911;553;707;1066;856 7
397420 1196 2 352 103;602 9
397504 1197 2 346 82;609 3
397514 1198 3 465 317;467;611 3
397644 1199 6 349 205;216;350;414;747;162 104
397666 1200 22 766 233;675;984;1484;1221;597;1008;1056;203;546;241;1106;1380;1087;401;967;571;429;183;516;818;1150 4
398126 1201 7 622 684;335;662;431;1183;606;455 1
398139 1202 18 554 331;664;801;493;340;399;887;649;355;362;509;534;719;191;747;1317;351;332 5
398445 1203 6 381 63;470;636;422;441;256 1
398673 1204 1 251 251 7
399472 1205 2 644 499;789 1
399486 1206 6 910 238;1120;1070;375;1336;1321 1
400112 1207 3 503 388;125;996 1
400177 1208 7 723 690;513;984;711;645;1064;456 47
400187 1209 2 930 745;1116 1
400194 1210 2 727 529;925 1
400367 1211 6 764 563;481;988;468;1305;781 1
400414 1212 3 902 1112;1221;372 19
400473 1213 1 697 697 24
400607 1214 5 503 302;482;581;998;151 3
401094 1215 3 388 360;281;522 4
401277 1216 2 824 1256;391 1
401288 1217 2 317 108;526 27
401973 1218 13 755 777;836;1189;546;232;814;1332;1059;1040;289;483;815;400 7
402146 1219 8 649 760;701;353;786;527;349;904;813 19
402177 1220 2 594 531;656 2
402229 1221 10 670 221;555;486;264;761;337;730;938;1180;1232 10
402326 1222 5 788 738;999;886;571;748 21
402474 1223 2 694 569;818 7
403548 1224 4 428 1042;506;96;66 18
403666 1225 3 730 935;780;474 1
403769 1226 7 613 831;472;633;902;385;738;329 6
404155 1227 6 687 500;1016;595;640;512;861 28
404345 1228 4 656 638;625;492;870 1
404374 1229 17 729 874;801;656;645;336;1123;867;798;129;602;981;226;1289;427;1042;1069;525 120
404671 1230 3 838 720;1013;780 1
404741 1231 7 608 385;636;938;702;857;361;378 53
405321 1232 1 823 823 158
405347 1233 9 560 745;491;212;447;327;110;1158;583;964 3
405355 1234 15 589 558;611;989;1088;1196;319;516;600;141;540;81;663;843;451;246 1
405715 1235 2 467 245;689 17
405822 1236 1 347 347 1
406254 1237 3 579 552;439;745 1
406756 1238 4 856 552;708;1238;925 1
406781 1239 16 534 771;774;304;140;499;320;104;351;381;1334;592;573;976;834;505;78 2
406798 1240 3 744 806;823;603 1
406861 1241 4 580 741;216;267;1095 2
407368 1242 7 617 1071;156;872;81;790;829;518 73
407384 1243 6 550 750;732;482;64;674;601 13
407602 1244 2 894 1266;521 7
407642 1245 2 675 508;842 130
407656 1246 1 816 816 3
408521 1247 16 807 997;1341;519;1063;390;581;255;631;1151;781;1369;594;900;800;767;767 13
411080 1248 2 868 492;1243 3
411144 1249 12 670 431;483;744;454;596;758;812;1042;1045;566;544;569 4
411176 1250 6 518 77;548;932;114;294;1145 1
411217 1251 4 643 911;707;851;102 5
411251 1252 3 728 576;763;846 13
412441 1253 5 836 1285;1089;268;848;690 2
412992 1254 18 590 487;598;227;813;75;992;427;865;210;1142;1133;814;203;200;896;851;139;540 144
413872 1255 11 574 385;72;634;529;484;102;816;992;540;846;912 1
414125 1256 1 1002 1002 36
414839 1257 1 260 260 112
418021 1258 3 767 922;865;515 235
418121 1259 5 432 730;138;327;180;786 5
418233 1260 5 913 360;665;1296;1125;1118 22
418349 1261 1 825 825 1
419308 1262 4 330 526;210;382;201 85
419436 1263 6 472 308;445;887;145;511;535 89
419904 1264 8 416 227;487;424;413;484;242;699;353 9
420145 1265 10 866 1139;1166;669;990;987;750;995;865;276;821 1
420206 1266 3 738 504;823;887 2
421427 1267 8 551 1193;344;698;103;469;422;573;604 1
422214 1268 2 651 824;478 3
422551 1269 1 828 828 1
423193 1270 7 546 581;829;253;529;535;954;140 8
423214 1271 3 526 485;756;338 176
423576 1272 3 379 531;240;366 2
423752 1273 4 810 746;1367;799;327 2
423881 1274 8 873 423;415;1220;1156;489;1355;1133;790 3
424217 1275 5 532 533;612;363;263;890 1
424271 1276 2 368 145;590 53
424588 1277 18 708 1167;178;523;1424;100;610;734;401;490;1174;358;396;390;1460;833;543;1332;637 6
424657 1278 7 514 907;117;1199;272;202;237;662 1
424907 1279 22 632 701;494;518;396;591;218;571;828;483;910;413;658;996;1347;819;117;113;835;165;1320;551;862 6
425004 1280 4 880 953;653;559;1355 1
425767 1281 3 807 876;1151;395 10
425799 1282 6 824 1203;419;859;493;1255;718 89
427514 1283 1 232 232 45
427721 1284 5 615 1080;945;645;104;299 11
428071 1285 2 1153 1205;1101 1
430831 1286 2 576 706;446 2
432398 1287 2 980 753;1206 12
434368 1288 3 242 159;381;187 7
434530 1289 2 522 678;367 47
441276 1290 2 775 1267;283 2
443830 1291 4 1023 1323;1033;514;1223 12
448380 1292 5 849 941;860;994;249;1203 1
452837 1293 4 823 343;1091;1308;551 7
452841 1294 11 617 843;287;745;412;488;653;808;286;416;602;1246 3
453033 1295 5 831 607;997;771;1021;757 1
453065 1296 3 772 996;613;707 5
453136 1297 10 741 775;452;729;476;876;355;684;987;1343;729 1
453209 1298 3 778 867;878;589 1
453417 1299 10 680 1043;232;699;483;1417;422;680;420;832;567 1
453427 1300 4 264 407;259;176;216 1
453469 1301 5 467 410;822;798;239;68 7
453506 1302 2 602 598;606 1
453582 1303 1 975 975 115
453687 1304 8 608 592;616;506;700;171;937;556;782 17
453716 1305 5 747 369;562;957;952;896 1
453791 1306 3 661 508;740;735 1
453949 1307 2 418 748;89 1
453991 1308 8 592 432;1002;1444;599;157;249;512;344 1
454153 1309 2 561 784;338 7
454168 1310 3 655 237;860;869 2
454727 1311 16 566 1225;1004;951;121;1061;610;263;404;890;295;659;128;207;116;651;476 45
454732 1312 1 599 599 134
454952 1313 2 380 599;160 205
454964 1314 5 777 728;1024;142;583;1408 4
455115 1315 3 911 481;1060;1192 7
455145 1316 2 931 1093;769 146
455181 1317 3 735 495;869;842 31
455188 1318 1 406 406 3
455199 1319 2 756 257;1256 29
455208 1320 3 734 684;768;749 4
455241 1321 10 805 1178;708;1007;548;125;677;844;1352;881;733 1
455268 1322 2 242 384;100 221
455277 1323 1 1198 1198 78
455306 1324 3 477 551;323;558 5
455394 1325 2 838 551;1124 5
455397 1326 4 707 653;525;1241;410 25
455638 1327 18 628 859;357;656;1096;475;127;961;1106;774;620;829;379;401;682;85;816;647;427 5
455690 1328 5 754 475;500;481;1351;963 25
455933 1329 10 636 466;495;681;710;753;514;256;648;910;925 1
456226 1330 2 491 483;499 26
456433 1331 2 1110 724;1497 19
456452 1332 2 411 569;253 4
456476 1333 4 409 684;193;238;521 22
456568 1334 3 832 736;848;912 5
456681 1335 8 847 436;887;1223;798;1114;364;1209;745 3
456695 1336 3 673 313;868;837 7
456827 1337 4 774 729;888;632;849 1
456922 1338 2 514 663;365 4
457036 1339 3 577 120;150;1460 64
457043 1340 9 488 409;844;835;251;209;457;599;358;428 11
457167 1341 4 504 460;348;639;567 3
457224 1342 5 538 269;572;583;408;858 151
457304 1343 2 582 886;279 95
457448 1344 4 589 274;1118;700;265 2
457767 1345 1 436 436 6
457776 1346 6 373 472;770;447;87;123;341 7
457796 1347 4 600 192;445;434;1330 132
457804 1348 2 686 550;823 1
457833 1349 2 568 239;897 3
457978 1350 6 830 74;1333;822;670;1105;973 19
458072 1351 1 498 498 1
458242 1352 5 681 579;1034;572;1121;99 2
458286 1353 8 654 1113;772;821;292;1166;297;498;275 3
458351 1354 6 830 551;973;741;1071;604;1037 1
458378 1355 3 791 782;764;827 1
458873 1356 3 287 98;263;501 223
458992 1357 7 583 723;830;647;634;67;1097;84 7
459075 1358 3 669 659;842;507 1
459281 1359 5 690 1306;324;679;134;1007 3
459305 1360 13 710 1048;424;559;1157;702;886;338;600;1136;631;316;1020;418 7
459459 1361 4 762 871;1145;918;113 1
459722 1362 2 741 237;1245 32
459766 1363 5 581 135;115;401;1298;957 2
459868 1364 4 658 430;883;350;970 309
459982 1365 2 798 958;639 3
460064 1366 2 1042 1068;1017 5
460757 1367 14 550 276;644;242;893;1007;891;441;677;347;337;88;464;395;998 1
460887 1368 2 928 707;1149 10
461200 1369 2 504 351;658 1
461373 1370 5 514 152;611;936;402;467 12
461755 1371 2 1028 1046;1009 1
462015 1372 4 612 1050;652;240;506 6
462030 1373 5 669 536;345;712;1052;699 259
462327 1374 18 668 764;190;599;379;757;314;379;330;1130;1015;1146;816;267;396;1277;594;842;827 7
462400 1375 4 614 720;417;480;838 2
462448 1376 3 587 1013;331;417 2
462471 1377 3 906 752;1371;595 5
462501 1378 4 660 165;637;1360;476 1
462506 1379 1 380 380 12
462837 1380 9 748 691;1290;802;932;201;794;893;591;538 2
462923 1381 9 560 1192;644;357;828;226;178;636;631;348 1
463003 1382 15 662 1078;577;1295;1178;219;1084;495;381;394;185;862;66;565;948;599 2
463029 1383 11 754 927;450;708;846;1056;565;195;132;1047;1010;1358 2
463049 1384 3 601 469;664;671 5
463150 1385 7 764 949;356;482;977;1147;1038;397 4
463204 1386 10 682 828;1038;1459;322;1121;509;293;730;447;76 5
463362 1387 2 1302 1387;1216 1
463427 1388 2 274 394;154 1
463556 1389 2 714 873;554 3
463635 1390 4 597 305;111;500;1473 329
463670 1391 4 890 364;1234;1267;697 29
463772 1392 7 482 676;376;101;957;107;530;624 5
464490 1393 7 572 474;1084;799;380;217;591;459 3
465113 1394 6 699 1139;637;532;926;293;669 93
465152 1395 3 535 777;213;616 67
465171 1396 3 752 1118;710;428 35
465238 1397 11 574 614;1092;1028;592;427;104;209;484;929;569;266 36
465290 1398 1 795 795 3
465405 1399 5 435 326;404;561;407;479 301
465466 1400 1 1047 1047 251
465501 1401 3 715 294;685;1167 1
465736 1402 2 756 578;933 1
465756 1403 2 1008 1011;1004 1
465825 1404 17 576 310;1203;786;452;888;215;1107;468;519;377;847;101;506;825;241;351;601 2
465848 1405 3 669 356;595;1056 1
465880 1406 2 701 824;578 279
466894 1407 2 498 746;251 1
467090 1408 5 495 632;585;811;222;227 2
467213 1409 17 676 134;446;238;1216;1128;183;542;667;542;774;765;928;1084;789;1021;309;723 3
467359 1410 3 536 527;221;861 1
467455 1411 2 296 308;285 3
467518 1412 2 593 178;1008 11
468752 1413 2 930 1048;811 5
468790 1414 9 613 514;510;569;174;1291;800;154;1154;350 36
469093 1415 4 761 1175;955;661;253 1
469123 1416 2 1093 800;1386 17
469254 1417 4 729 485;605;680;1147 2
469336 1418 7 729 725;971;456;66;1026;391;1469 2
469370 1419 4 382 117;333;237;841 1
469458 1420 1 76 76 13
470622 1421 2 493 368;618 55
470870 1422 3 728 660;387;1137 1
470901 1423 2 456 681;230 2
471089 1424 2 522 887;156 3
471099 1425 8 714 961;668;606;515;641;719;712;893 7
471304 1426 4 417 286;811;158;412 19
471400 1427 1 199 199 50
471709 1428 17 791 643;689;611;684;1448;1018;812;1072;218;1004;1240;557;362;1180;1035;770;97 1
471765 1429 4 889 648;964;1127;818 18
472121 1430 2 1057 736;1378 1
472399 1431 3 853 1101;921;538 26
472769 1432 5 586 1162;590;97;549;533 56
472802 1433 1 674 674 2
473606 1434 3 872 916;485;1216 2
474150 1435 3 515 757;470;319 10
474180 1436 1 740 740 53
474795 1437 4 900 1262;1018;933;385 2
474884 1438 1 333 333 2
474954 1439 3 793 1017;254;1109 3
475258 1440 2 713 710;716 1
475306 1441 4 634 486;1106;336;606 289
476501 1442 22 640 943;745;158;1245;971;1073;195;192;662;695;80;304;638;676;457;624;739;678;173;816;889;1138 8
476552 1443 7 655 920;1068;847;1140;254;134;222 1
476600 1444 2 515 642;388 35
476869 1445 3 474 534;497;392 1
477041 1446 1 614 614 10
477472 1447 3 803 1205;628;577 2
478080 1448 2 870 685;1054 41
478367 1449 2 492 439;546 80
478617 1450 5 574 194;798;601;292;986 1
478673 1451 5 1041 1005;700;1338;1390;772 12
479291 1452 3 627 292;719;871 20
479360 1453 4 596 551;971;228;636 2
480086 1454 11 605 270;765;1495;823;717;288;309;707;509;322;454 2
480120 1455 7 398 271;213;397;93;427;753;632 8
480160 1456 5 446 477;798;483;246;227 1
480321 1457 5 390 978;370;175;197;228 65
480358 1458 3 702 311;846;949 10
480375 1459 3 1107 891;1452;979 2
480416 1460 4 448 543;505;413;333 1
480598 1461 2 256 61;451 50
480682 1462 4 708 394;759;1485;196 1
480689 1463 7 640 618;842;637;728;611;533;514 4
480714 1464 3 862 509;1205;872 29
480985 1465 10 699 513;595;450;512;858;1156;679;591;592;1042 1
481024 1466 3 908 1166;1170;387 1
481042 1467 3 841 850;926;746 257
481145 1468 15 764 950;148;650;800;951;962;1043;598;633;290;1406;1018;480;557;969 26
481335 1469 1 512 512 1
481456 1470 3 497 104;783;604 5
481908 1471 1 604 604 2
481969 1472 4 801 66;1286;961;890 1
482044 1473 5 653 777;444;317;1028;699 23
482237 1474 3 672 498;1068;449 3
482651 1475 2 268 378;158 1
482838 1476 2 644 501;786 15
482928 1477 2 669 373;965 117
482977 1478 10 782 554;654;1004;1289;98;1176;423;781;1417;421 1
483084 1479 4 668 568;701;894;510 1
483388 1480 1 919 919 5
483420 1481 3 1057 703;1338;1131 1
483629 1482 5 904 946;466;1129;642;1339 253
483640 1483 3 773 893;110;1315 360
483676 1484 4 612 930;671;676;171 6
483783 1485 3 901 427;1192;1084 1
483855 1486 3 796 886;984;517 31
483898 1487 1 406 406 1
483938 1488 4 764 711;522;1193;629 38
484080 1489 2 663 493;833 296
484088 1490 4 815 798;959;351;1151 1
484521 1491 6 872 1219;505;500;756;1272;983 4
484946 1492 4 527 503;244;888;474 16
484973 1493 2 470 215;725 29
484987 1494 2 462 581;344 37
485000 1495 2 1025 863;1187 14
485311 1496 8 586 476;366;110;892;424;1201;631;588 42
485495 1497 2 809 1008;610 30
485869 1498 2 516 160;872 2
485879 1499 3 601 909;681;214 2
486754 1500 6 862 1201;646;704;879;882;860 1
486873 1501 3 821 436;820;1206 1
488146 1502 7 631 906;300;763;338;1144;393;574 6
488606 1503 2 672 905;440 36
488654 1504 3 674 765;893;364 7
488699 1505 6 603 571;622;498;161;992;772 211
492397 1506 2 846 450;1243 51
492478 1507 4 635 430;1453;263;393 14
492524 1508 3 655 125;727;1114 8
492956 1509 2 554 411;696 1
493662 1510 6 913 855;811;652;821;872;1467 17
493818 1511 2 644 212;1075 1
494858 1512 9 549 201;539;705;195;606;594;875;509;714 1
495044 1513 3 720 638;834;687 1
495380 1514 2 957 1196;718 2
495445 1515 2 218 309;126 3
496002 1516 4 512 1087;256;599;108 2
496400 1517 4 540 1001;421;240;499 48
496439 1518 1 134 134 1
496701 1519 2 866 987;745 150
496860 1520 3 802 1342;224;840 168
496896 1521 8 758 634;524;703;1054;1033;621;1137;359 1
496931 1522 2 575 591;559 1
497855 1523 2 838 728;948 3
498480 1524 2 754 889;619 4
499289 1525 5 552 254;441;1215;779;70 2
499574 1526 2 306 515;98 4
501309 1527 8 730 1086;508;110;943;1426;849;603;314 32
501747 1528 5 692 378;737;674;953;720 41
503558 1529 12 518 626;626;290;682;495;663;254;241;150;921;816;449 4
504596 1530 4 501 380;262;284;1078 1
504755 1531 1 861 861 10
504793 1532 3 160 106;252;121 3
506113 1533 1 1062 1062 1
506715 1534 7 589 374;163;634;653;661;730;905 7
507302 1535 2 457 144;770 3
507697 1536 5 387 570;318;428;71;548 6
507875 1537 7 788 1158;1456;389;690;851;273;696 2
508199 1538 3 804 247;827;1339 8
508348 1539 2 942 1489;394 1
509078 1540 3 589 252;989;527 1
509221 1541 2 414 438;391 2
510191 1542 6 535 387;506;1058;207;444;606 2
510832 1543 2 1038 995;1080 170
511389 1544 3 443 304;519;505 2
513170 1545 2 738 579;898 195
515440 1546 6 533 953;666;808;258;351;163 187
516741 1547 1 234 234 1
516791 1548 2 900 369;1430 1
517328 1549 4 940 436;886;1051;1389 1
517451 1550 5 611 285;664;793;716;595 319
520639 1551 4 435 284;639;674;142 124
521673 1552 2 644 972;316 3
521786 1553 2 775 509;1041 1
523234 1554 2 1062 678;1447 7
529130 1555 6 612 359;615;712;420;662;905 13
533380 1556 8 682 593;360;455;819;1018;253;1154;802 68
545407 1557 2 845 627;1063 4
545459 1558 4 696 655;554;1269;307 1
545612 1559 2 690 959;422 1
545710 1560 8 753 1058;199;683;692;1139;1024;698;528 3
545756 1561 3 653 595;703;661 2
545920 1562 20 641 1006;548;379;838;85;585;498;542;603;879;1358;1135;257;1182;342;552;578;513;443;505 12
545926 1563 13 769 1124;1059;418;871;445;655;264;683;768;180;1140;996;1393 3
546024 1564 3 736 698;197;1312 2
546484 1565 2 452 334;570 13
546590 1566 3 632 761;550;584 2
546663 1567 2 454 688;219 30
546832 1568 7 564 398;700;763;767;524;71;724 5
546860 1569 3 1006 982;1053;984 1
547188 1570 3 797 521;1235;634 1
547210 1571 4 816 1089;503;667;1003 3
548360 1572 4 600 591;671;420;719 10
548478 1573 17 810 1228;930;639;165;749;1485;1115;750;447;71;1134;816;1080;406;725;1076;947 1
548526 1574 1 344 344 1
548750 1575 3 755 1193;477;595 3
548879 1576 11 615 567;826;820;74;534;971;556;858;272;466;823 255
549088 1577 6 679 112;466;1411;785;481;817 1
549215 1578 1 925 925 2
549226 1579 2 714 265;1163 2
549233 1580 3 646 282;1135;520 7
549333 1581 2 215 263;167 1
549724 1582 2 640 520;761 25
551122 1583 9 742 647;317;1278;875;1025;1044;548;705;240 105
551200 1584 1 437 437 1
551212 1585 1 625 625 104
551270 1586 2 907 866;948 1
551395 1587 8 627 845;788;246;672;951;597;320;594 227
551619 1588 2 845 854;836 1
551942 1589 2 675 611;739 217
551987 1590 12 467 477;771;450;298;926;274;181;118;1234;130;163;583 2
552275 1591 3 539 848;318;451 1
552397 1592 4 574 481;645;841;330 4
552545 1593 5 777 1194;638;597;72;1382 5
554198 1594 42 606 487;489;889;719;907;454;241;501;300;1115;944;487;701;917;223;709;189;483;1105;270;602;848;531;636;604;347;780;1276;473;657;134;411;1482;425;618;375;317;814;740;231;326;709 1
554241 1595 6 669 1292;540;493;609;379;700 7
554344 1596 4 641 423;564;847;730 49
554573 1597 9 795 464;552;518;852;691;777;1103;1135;1066 41
554674 1598 5 975 923;1057;1464;445;986 35
554804 1599 12 484 117;693;660;492;104;223;135;240;1165;780;422;781 1
554817 1600 3 626 825;329;723 10
554986 1601 18 491 324;895;320;516;712;182;566;771;100;537;237;409;532;443;746;443;702;398 1
555050 1602 2 700 1102;298 46
555432 1603 2 678 687;669 2
555491 1604 1 1129 1129 2
555712 1605 3 312 266;362;307 6
555759 1606 2 932 880;983 211
555813 1607 2 701 663;739 1
556024 1608 3 938 872;1275;667 7
556040 1609 4 668 488;261;1282;642 192
556045 1610 5 444 716;511;443;281;268 106
556111 1611 3 788 641;658;1066 1
556172 1612 5 540 651;514;327;470;737 1
556207 1613 24 676 427;170;232;357;450;816;863;1222;73;912;680;426;1324;185;476;1117;1358;815;1146;604;316;349;672;1238 41
556250 1614 37 660 513;306;1205;1143;757;341;370;409;604;1031;346;184;385;400;1110;1451;533;591;300;661;974;197;517;593;765;1123;474;177;339;890;288;509;1256;772;916;1457;532 1
556390 1615 28 683 811;985;580;720;116;702;376;438;705;1071;1030;1459;923;1023;258;1020;343;844;850;143;963;664;780;294;517;198;254;1046 1
556444 1616 5 661 383;1359;734;284;546 63
556710 1617 12 687 500;292;888;991;293;791;507;401;736;489;1386;972 1
557157 1618 7 526 161;523;570;577;1047;326;476 1
557252 1619 2 371 133;609 16
557291 1620 7 451 282;211;533;816;326;879;109 2
557309 1621 3 549 746;521;380 2
557447 1622 5 926 627;838;963;1205;998 5
557594 1623 3 647 731;811;399 31
557603 1624 2 1020 1139;901 26
557612 1625 2 800 730;869 6
557637 1626 1 835 835 1
557796 1627 5 619 422;187;365;729;1390 50
557920 1628 3 546 542;332;765 1
558047 1629 2 744 458;1031 20
558156 1630 3 927 1171;753;857 3
558229 1631 3 537 735;632;243 154
558576 1632 1 1062 1062 4
558967 1633 1 953 953 9
559023 1634 3 438 287;792;234 6
559311 1635 2 978 1070;887 1
559360 1636 4 580 615;397;1004;306 1
559479 1637 2 502 564;439 9
559554 1638 2 622 661;584 2
559626 1639 2 204 105;302 1
559900 1640 4 496 296;273;707;708 1
559909 1641 6 1083 1485;750;1027;1089;1151;994 363
560335 1642 13 769 866;94;856;1307;499;365;911;722;1404;816;1312;280;564 3
560498 1643 2 593 799;387 2
560516 1644 19 644 420;884;123;657;668;722;461;1443;379;881;693;655;854;404;193;1310;461;828;205 3
560536 1645 4 871 64;935;1216;1268 16
560668 1646 2 274 248;301 166
561336 1647 3 1098 740;1331;1223 15
561359 1648 2 651 829;473 6
561873 1649 2 351 182;520 2
562025 1650 1 809 809 1
562945 1651 2 930 1186;674 1
563052 1652 4 281 69;600;384;72 28
563088 1653 3 586 272;225;1261 2
563099 1654 11 418 482;68;486;212;877;265;85;729;334;209;846 9
563312 1655 4 784 1206;810;648;472 14
563379 1656 2 894 441;1348 25
563984 1657 7 599 798;602;316;840;1013;237;387 1
564021 1658 2 251 345;157 41
564094 1659 2 358 248;467 2
564283 1660 26 714 323;254;1146;480;1335;613;731;280;1269;239;269;629;296;767;387;426;344;898;928;297;1219;935;1166;1026;1097;1210 1
564344 1661 7 543 297;362;839;529;111;1343;320 1
564397 1662 2 853 870;836 6
564489 1663 2 664 563;764 2
564754 1664 2 746 1000;493 5
564972 1665 40 695 1265;608;534;714;1204;164;770;874;163;436;771;881;569;1130;1108;751;540;258;476;396;518;757;1389;734;151;220;891;865;484;1010;567;476;265;780;1435;1246;715;322;1017;357 1
565180 1666 14 740 1446;1330;1143;462;1392;947;317;260;240;1064;694;454;171;439 1
565310 1667 10 546 1028;418;661;231;584;110;1069;131;414;813 13
565816 1668 1 755 755 1
565997 1669 4 581 627;193;1171;333 3
566053 1670 3 479 325;358;755 28
566101 1671 1 357 357 8
566620 1672 2 224 351;98 1
566661 1673 2 932 1045;818 1
567368 1674 2 518 956;81 5
567577 1675 8 806 1193;757;831;864;681;522;1030;573 75
567623 1676 4 588 459;1124;84;685 1
567647 1677 11 716 727;970;1400;345;955;113;839;88;1311;455;675 22
567839 1678 37 695 631;922;538;452;886;683;411;215;246;379;1051;683;1067;1024;363;287;645;968;1142;550;97;973;517;867;631;1210;285;1304;211;817;572;1187;503;687;1254;755;690 1
568074 1679 12 599 345;481;579;315;263;846;954;627;653;294;1385;449 7
569071 1680 1 766 766 2
569155 1681 1 1350 1350 1
569214 1682 9 758 1122;889;114;603;1141;848;607;694;803 2
569630 1683 2 296 458;134 4
570253 1684 4 790 573;970;655;960 2
570316 1685 3 927 864;932;985 3
570492 1686 3 407 636;81;505 33
570545 1687 3 444 320;160;852 92
570831 1688 7 803 791;295;826;1333;592;1156;626 27
570842 1689 1 869 869 5
570885 1690 1 256 256 4
571142 1691 2 600 544;655 2
571300 1692 1 141 141 38
571633 1693 12 572 910;190;411;848;688;192;196;1285;150;836;209;955 1
571655 1694 8 521 1030;483;224;765;260;444;445;514 25
571752 1695 9 609 654;505;844;552;224;308;602;1007;789 1
572188 1696 10 798 737;1354;1059;412;302;626;590;650;865;1380 7
572327 1697 2 664 936;391 4
572589 1698 4 867 1125;1326;227;790 2
572626 1699 2 816 1158;475 2
572860 1700 3 747 768;317;1157 2
573067 1701 2 1115 1051;1179 1
573088 1702 3 682 858;671;516 3
573258 1703 15 715 871;849;978;663;769;899;408;166;600;421;1232;899;461;550;961 1
573427 1704 1 613 613 25
573497 1705 5 621 173;377;1217;704;633 21
573509 1706 17 698 584;191;128;506;416;250;920;624;485;573;1276;947;509;1380;1189;886;1000 42
573563 1707 3 767 920;757;624 3
574015 1708 47 725 811;987;888;1161;1018;314;1129;461;589;714;632;998;581;397;547;721;1361;1214;1062;873;658;314;228;597;1101;448;910;156;555;436;281;623;1219;462;676;312;419;1089;954;448;794;858;1421;1161;793;543;168 4
574120 1709 5 649 428;500;835;1138;342 1
574257 1710 3 528 202;582;799 49
574424 1711 5 597 652;940;507;225;660 2
574488 1712 4 759 482;664;887;1002 6
574532 1713 4 658 226;1240;434;731 1
574655 1714 2 521 924;118 5
575121 1715 6 661 1066;254;379;526;1381;359 12
575941 1716 1 263 263 6
576072 1717 5 764 967;910;1019;555;370 1
576146 1718 5 583 845;491;912;450;218 1
576353 1719 2 1106 841;1370 11
579882 1720 2 786 687;885 354
579902 1721 5 513 693;784;369;290;431 4
580397 1722 3 443 357;400;572 1
580651 1723 2 262 68;455 1
580733 1724 5 677 1112;1043;62;500;670 63
580874 1725 2 298 279;316 19
580961 1726 26 656 696;406;620;872;262;409;1269;608;573;1188;1023;482;281;775;1245;529;388;856;550;1046;137;858;684;172;299;839 1
581915 1727 8 671 893;397;652;602;524;90;1445;765 130
582250 1728 2 1027 929;1125 1
582307 1729 3 809 923;109;1396 2
589072 1730 2 962 861;1062 92
589407 1731 1 767 767 30
589468 1732 1 1060 1060 1
591606 1733 2 289 83;495 4
591658 1734 2 786 1145;427 9
591856 1735 3 711 527;232;1374 243
592071 1736 4 979 923;744;1315;934 3
593181 1737 7 457 495;309;390;421;216;1012;356 26
593232 1738 16 652 140;750;264;385;671;247;470;472;754;862;1008;1175;789;230;926;1286 3
593623 1739 17 660 869;1097;653;300;520;850;1456;657;384;492;151;493;1199;522;107;331;1140 16
596702 1740 4 200 235;182;280;103 1
597004 1741 5 823 145;982;693;939;1355 5
597838 1742 7 952 869;569;1347;1227;1035;807;808 6
598230 1743 6 680 530;833;187;671;1241;615 1
598272 1744 5 746 699;1063;410;363;1197 3
598566 1745 5 586 129;769;792;767;471 101
600466 1746 2 684 1065;304 1
605790 1747 1 436 436 8
