time jobId jobSize runtime tasks user peer
812 1 2 1479 1736;1222 2 16
1355 2 3 797 293;1468;630 19 6
1978 3 3 807 425;1534;463 58 5
2243 4 2 978 1287;669 10 17
4330 5 19 1034 174;1222;1096;656;1037;797;1225;1162;1332;701;1323;1374;1614;987;928;1137;667;1423;787 1 4
4860 6 35 917 1272;468;837;1039;1341;908;1191;803;1001;552;753;1296;610;1308;1007;741;715;262;459;1399;865;223;1077;689;1298;973;1245;1027;881;802;1267;1070;1149;672;890 1 4
8184 7 16 813 196;864;1142;633;533;851;1025;739;1059;517;812;1228;869;1064;798;685 1 4
9289 8 4 888 1110;621;1212;610 1 4
13091 9 4 980 1460;890;1124;447 29 15
17892 10 2 1155 1049;1261 64 5
22013 11 2 1073 1276;870 9 16
22069 12 4 1149 784;919;1542;1351 2 16
22175 13 1 970 970 5 8
22191 14 3 1151 658;1120;1675 1 4
22359 15 2 1010 1134;887 6 18
22516 16 3 867 979;755;868 3 15
22595 17 5 811 333;661;952;1059;1052 107 12
22651 18 7 723 866;295;128;1680;963;720;407 248 3
22725 19 2 800 656;944 1 4
22737 20 2 1090 1450;730 103 2
23666 21 1 1493 1493 108 12
23686 22 8 964 811;576;1013;905;1401;1245;772;990 38 6
23843 23 2 928 1128;727 100 17
23857 24 2 1244 1141;1346 12 7
23914 25 1 1105 1105 72 4
23935 26 6 1002 1006;1343;742;1088;1222;613 3 15
23938 27 8 1162 1506;1031;1098;1178;561;1386;996;1541 60 2
23955 28 5 1044 808;1038;404;1558;1410 1 4
24124 29 5 1018 827;981;747;1458;1077 2 16
24515 30 15 956 785;1116;767;1209;1153;1224;1022;1296;792;452;1022;1121;688;1309;388 325 17
24760 31 6 794 461;513;721;1287;716;1069 198 14
24790 32 1 1004 1004 4 3
25321 33 8 950 1139;564;738;945;973;1443;925;869 1 4
25326 34 2 1138 1411;864 3 15
25335 35 2 1135 1312;958 10 17
25449 36 2 982 1156;809 26 18
25557 37 2 262 347;177 256 1
25572 38 4 696 463;1138;418;764 28 13
25917 39 9 822 1064;1211;408;858;410;533;1147;1026;742 6 18
25935 40 3 1348 1329;1588;1126 3 15
25999 41 2 818 603;1032 249 17
26047 42 14 916 573;786;829;489;1010;686;598;1278;514;1354;1086;868;1708;1041 1 4
26094 43 1 1505 1505 1 4
26262 44 13 895 914;1693;996;1128;861;724;682;563;237;1219;412;1190;1020 33 11
26302 45 3 822 1085;936;444 10 17
26402 46 2 676 752;600 2 16
27165 47 3 909 1289;564;873 1 4
27213 48 12 807 456;1583;499;835;507;1473;396;817;838;1211;950;120 1 4
27420 49 14 986 1333;1235;888;664;1497;556;1303;715;1211;585;884;1249;1406;282 1 4
27437 50 2 825 577;1073 1 4
27445 51 4 694 1131;296;684;666 5 8
27505 52 6 706 597;459;820;791;1077;489 1 4
27522 53 2 1452 1611;1293 4 3
27729 54 2 1252 1199;1306 20 16
28086 55 44 884 616;737;325;128;1380;815;898;1046;1023;974;1367;592;1114;1289;749;83;954;487;728;1234;1180;912;956;842;1101;509;1176;1292;1232;598;660;1558;847;944;1484;745;776;1007;95;891;526;698;852;1461 42 16
28290 56 3 913 1480;253;1006 1 4
28295 57 9 847 1244;415;388;1156;828;646;1263;809;872 102 5
28349 58 2 493 213;773 13 10
28452 59 1 1236 1236 2 16
28458 60 2 778 1029;528 3 15
28591 61 6 683 443;897;652;671;668;765 1 4
28696 62 5 1015 530;1199;718;1148;1480 3 15
28745 63 1 538 538 2 16
28896 64 3 578 254;613;866 57 3
29017 65 3 741 846;641;737 1 4
29366 66 2 456 803;109 17 12
29389 67 1 965 965 2 16
29392 68 2 556 1005;108 1 4
29544 69 5 556 604;705;161;420;892 2 16
29635 70 1 260 260 5 8
29699 71 3 1305 1654;1427;833 1 4
29783 72 12 767 190;736;413;1339;801;1069;909;231;1423;315;1251;523 8 9
30163 73 29 905 147;200;1128;691;1341;1355;1154;1059;203;782;1167;1079;1191;793;456;1270;725;680;1526;1030;903;716;1111;1355;710;946;848;1096;571 18 12
30302 74 3 633 335;959;605 1 4
30585 75 7 890 563;1059;1209;707;316;946;1433 1 4
30595 76 2 982 827;1137 2 16
30773 77 5 880 888;857;295;897;1461 8 9
30859 78 3 778 966;868;499 48 5
30891 79 10 806 358;475;1431;963;983;476;528;922;1503;420 20 16
31098 80 2 329 560;98 1 4
31108 81 3 953 1098;1240;520 2 16
31176 82 15 987 649;1233;1395;957;693;824;608;1234;1170;788;1103;1049;861;1401;847 1 4
31206 83 4 721 839;1173;96;775 3 15
31398 84 2 893 432;1354 2 16
31425 85 7 1121 1277;1245;1250;848;1069;1056;1102 11 7
31605 86 7 1217 1521;795;701;1661;1138;1386;1318 257 19
31838 87 3 436 555;521;232 1 4
31949 88 2 931 1026;836 1 4
32030 89 2 478 447;508 17 12
32036 90 2 574 674;473 3 15
32071 91 6 1071 387;1321;756;1256;1167;1538 10 17
32298 92 2 742 947;537 5 8
32389 93 4 765 517;1016;516;1010 1 4
32469 94 2 640 709;572 5 8
32505 95 3 1070 1126;821;1263 74 4
32514 96 5 875 1084;313;839;987;1151 24 6
32589 97 2 453 570;336 9 16
32617 98 4 1023 1224;1242;582;1044 17 12
32627 99 3 893 412;1353;914 15 16
32670 100 12 841 1298;1177;1199;994;470;963;1046;718;619;74;795;734 1 4
32687 101 1 756 756 14 13
32769 102 5 712 1148;1100;242;736;336 3 15
32799 103 6 986 1067;1250;1184;507;1039;870 1 4
32825 104 3 895 645;1003;1037 1 4
32827 105 9 1122 1343;866;1701;1525;1128;887;1160;661;830 1 4
32968 106 11 796 799;1204;1145;1099;297;1066;603;387;898;1138;120 1 4
33276 107 11 710 752;1073;926;531;1374;503;629;427;561;289;744 2 16
33597 108 4 906 965;1296;447;917 1 4
33631 109 7 836 1228;1570;147;516;879;799;716 82 14
33719 110 1 1166 1166 4 3
33813 111 2 1212 1565;860 2 16
34450 112 2 1018 994;1041 19 6
34530 113 24 798 1342;1141;621;322;323;615;585;67;492;915;327;1381;1310;462;510;1065;374;1540;825;1479;813;418;1073;1156 1 4
34649 114 4 1048 803;1390;1191;809 4 3
34673 115 4 1228 1344;1170;1630;770 2 16
34681 116 5 1046 1152;1403;767;701;1208 1 4
34740 117 7 906 724;950;1432;815;354;773;1294 43 16
34775 118 3 896 1067;650;970 1 4
34841 119 7 1000 587;1591;575;790;1016;936;1508 9 16
34951 120 18 814 1106;767;751;794;1306;791;531;395;180;558;913;711;1283;862;1347;843;1116;407 1 4
35109 121 2 832 1115;549 11 7
35130 122 3 525 503;758;313 1 4
35199 123 2 1086 1158;1014 119 11
35214 124 10 883 821;1048;471;1521;776;797;754;926;434;1284 158 14
35755 125 9 751 1087;356;1029;595;764;908;512;744;767 10 17
35761 126 22 821 1622;1236;790;1166;1131;858;995;808;299;488;577;559;709;1217;678;1058;136;554;741;584;587;1265 1 4
35933 127 2 814 688;941 2 16
35938 128 3 1132 736;1150;1511 19 6
35954 129 6 686 618;345;482;619;1376;677 1 4
35996 130 17 978 351;1701;755;601;565;1462;1074;972;1182;845;934;924;1671;1014;593;867;1111 2 16
36101 131 1 1189 1189 1 4
36125 132 5 1220 1307;1338;1094;1018;1342 1 4
36129 133 8 949 1268;783;683;590;531;1224;1002;1514 3 15
36166 134 15 891 459;625;591;603;1399;1006;990;1370;1353;381;1463;203;684;1194;1047 2 16
36369 135 2 715 411;1019 2 16
36400 136 13 783 772;668;676;319;1195;1185;407;1395;1070;903;458;897;233 16 11
36433 137 2 898 470;1327 1 4
36537 138 10 804 358;657;623;859;459;532;940;967;1100;1545 70 15
36932 139 5 1202 1494;1135;1015;1648;720 3 15
36985 140 4 993 1197;868;873;1035 1 4
37099 141 2 838 987;690 50 4
37231 142 2 977 804;1150 26 18
37249 143 8 725 790;870;467;1100;1682;426;356;106 16 11
37522 144 2 853 703;1003 160 11
37667 145 2 788 344;1232 1 4
37680 146 27 898 886;931;1021;1224;694;145;364;997;886;1478;1460;133;1608;790;613;986;678;1289;402;951;1272;1355;1368;416;319;724;1254 1 4
37931 147 10 922 766;528;949;357;733;1264;1090;989;878;1668 7 19
38033 148 1 981 981 18 12
38083 149 2 1190 1074;1305 9 16
38449 150 1 1199 1199 1 4
38606 151 10 786 1481;319;1439;1041;580;730;90;966;759;458 1 4
38750 152 3 977 1396;1076;458 212 11
38759 153 2 842 927;757 1 4
38857 154 6 1010 1097;1015;772;949;917;1309 1 4
38866 155 9 1098 1190;911;1180;1279;1140;1326;656;1271;930 23 16
38905 156 16 1110 1048;1530;1168;711;1225;1277;577;1323;1636;686;1632;627;704;1050;1414;1160 6 18
38953 157 7 851 466;535;1255;986;1520;521;671 13 10
39001 158 4 1196 1185;1063;1104;1434 4 3
39104 159 2 918 1326;509 4 3
39675 160 21 982 220;1590;703;745;995;1334;1213;1178;549;1118;1235;1733;800;721;548;1046;489;761;1074;1012;1562 1 4
39680 161 2 1386 1197;1575 154 7
39745 162 4 527 294;503;590;722 2 16
39881 163 6 983 1071;705;700;743;1295;1385 1 4
40112 164 5 745 627;1131;453;583;933 2 16
40311 165 2 654 417;892 9 16
41014 166 2 1014 979;1048 1 4
41643 167 2 492 681;304 15 16
41754 168 9 1048 1608;1245;595;1027;134;1096;1126;1730;873 1 4
41786 169 2 468 401;534 3 15
41861 170 2 148 228;68 2 16
42370 171 6 1056 1611;1118;710;1274;877;749 82 14
42422 172 3 1235 1042;939;1725 2 16
42435 173 1 764 764 1 4
42480 174 4 771 943;339;1145;658 1 4
42593 175 2 890 1700;81 1 4
42605 176 3 1108 1128;1314;881 2 16
42680 177 2 1094 767;1421 28 13
42698 178 13 890 607;470;317;594;1565;289;311;1429;1294;1286;1005;966;1442 86 16
42718 179 3 584 645;433;675 74 4
42850 180 3 921 1236;807;720 19 6
42867 181 5 836 770;1130;780;498;1001 1 4
43777 182 5 683 1047;256;895;566;653 2 16
43951 183 3 1215 1210;1153;1283 4 3
44145 184 2 1192 1449;934 1 4
44170 185 2 920 1016;824 2 16
44179 186 1 1007 1007 3 15
44286 187 7 950 1300;579;388;1074;992;1182;1138 1 4
44316 188 33 797 662;812;700;1016;746;996;636;933;1420;575;981;675;138;341;740;626;853;851;743;982;567;725;1521;333;1043;885;555;879;897;1647;428;595;787 24 6
44419 189 8 893 1013;894;933;609;535;1491;970;699 350 10
44536 190 9 988 707;1375;1217;916;486;623;498;1449;1625 1 4
45206 191 7 1075 401;1419;1394;694;1527;1334;753 3 15
45217 192 2 894 782;1006 1 4
45276 193 5 1024 996;1298;992;1215;619 1 4
45292 194 1 952 952 93 4
45433 195 4 902 754;1048;934;874 2 16
45456 196 2 962 961;962 3 15
45483 197 5 753 1156;651;767;760;429 1 4
45639 198 7 890 1017;578;1012;1090;1274;918;339 87 18
45765 199 8 778 1336;929;594;599;103;1216;627;822 113 13
45955 200 4 974 1498;622;824;951 1 4
46285 201 2 398 703;94 1 4
46332 202 8 986 267;644;1000;1650;1559;1182;879;706 11 7
46358 203 15 869 359;635;1399;1260;1364;427;1048;411;681;712;1658;1098;767;115;1099 2 16
46425 204 2 728 896;561 2 16
46494 205 3 789 488;1123;755 3 15
46563 206 5 815 803;887;874;1038;472 109 3
46698 207 22 929 1053;1449;1158;1013;868;514;940;477;1173;341;1146;1109;1246;775;1271;756;1144;892;893;812;440;973 5 8
46846 208 7 923 1016;353;412;1330;992;1258;1101 20 16
46855 209 3 551 1051;509;92 2 16
47782 210 4 1151 636;1227;1235;1505 19 6
47891 211 2 630 332;927 136 15
48490 212 4 1106 1381;1403;435;1205 15 16
48507 213 3 838 906;389;1220 12 7
49322 214 5 1087 1342;1180;453;1208;1254 1 4
49358 215 4 1040 1113;963;782;1304 5 8
49454 216 25 884 695;1456;825;899;1361;1008;147;1525;831;517;791;642;1040;420;986;1433;878;1510;693;331;574;546;688;1414;891 1 4
49723 217 3 958 360;979;1536 2 16
50006 218 4 949 770;986;775;1264 2 16
50186 219 4 1075 1047;521;1491;1241 5 8
50199 220 8 736 110;827;898;1188;650;709;1348;160 22 18
50493 221 9 839 939;66;921;731;839;941;1145;1351;615 5 8
50656 222 8 748 520;754;500;155;1106;1083;578;1287 1 4
51060 223 14 984 1501;1683;561;934;695;832;1481;369;1105;840;862;853;868;1186 195 13
51543 224 3 738 869;410;935 1 4
51600 225 2 1032 1135;928 1 4
51665 226 2 1088 1040;1135 1 4
52283 227 39 831 156;1096;1017;440;850;746;1444;1007;1348;1237;512;833;818;1010;183;901;922;546;998;595;738;435;999;610;610;594;654;192;1210;1450;265;1491;105;999;1377;826;1262;627;1323 3 15
52388 228 5 933 1156;1188;1367;419;533 1 4
52428 229 10 902 1184;1501;1031;227;1028;1216;724;638;682;793 1 4
52434 230 14 931 1349;850;549;968;927;762;820;815;998;910;1061;998;626;1398 10 17
52476 231 3 979 561;656;1720 1 4
52563 232 6 1003 794;950;1107;1387;957;823 20 16
52649 233 2 510 849;171 82 14
52686 234 3 716 808;239;1101 1 4
54374 235 5 1110 1144;1383;1123;1040;862 1 4
54378 236 8 820 1186;201;940;305;1500;1257;470;699 1 4
54546 237 2 1234 1401;1068 80 13
54622 238 2 966 944;988 3 15
55377 239 12 911 893;668;334;1708;502;1268;835;999;642;853;1267;963 3 15
55413 240 20 879 1003;937;575;889;1010;899;884;725;737;1022;1237;1622;1194;635;534;699;1067;1011;191;715 1 4
55443 241 10 910 1265;472;761;517;1112;1694;751;1466;787;272 27 6
55449 242 8 845 635;1214;395;775;731;872;704;1434 1 4
56602 243 4 1014 1454;1023;362;1215 2 16
56619 244 5 693 763;764;61;516;1359 12 7
56956 245 3 776 94;1043;1191 2 16
57000 246 4 1133 987;1227;691;1626 1 4
57028 247 10 1040 298;1621;1238;1337;621;1280;518;1235;787;1461 310 9
57140 248 4 974 887;1432;720;856 1 4
57187 249 1 436 436 14 13
57203 250 4 1254 1337;1398;1401;879 112 18
57448 251 25 848 1566;503;528;549;831;818;1090;1065;1015;886;170;1318;1081;952;1054;561;820;882;1051;615;1173;1135;469;648;418 1 4
57574 252 85 916 806;1156;776;1212;1652;660;949;1288;568;1319;867;964;111;1699;1653;362;868;505;641;1208;691;820;1246;1155;449;774;789;688;965;1019;994;465;615;644;739;749;736;930;1087;1159;1317;739;826;1395;976;816;1143;969;814;696;760;277;700;1351;900;1493;1291;862;1639;738;1119;1097;1124;1399;1632;665;722;414;997;948;684;1321;1269;1206;813;852;190;1303;435;1054;764;1241;706;82;172 7 19
57601 253 2 642 731;554 133 7
58288 254 3 611 687;264;883 171 13
58297 255 6 854 1040;754;955;501;1247;629 2 16
58390 256 1 1309 1309 2 16
58625 257 4 671 781;829;775;299 12 7
59010 258 2 621 682;560 1 4
59087 259 5 728 456;1239;779;106;1061 1 4
59179 260 2 924 575;1273 41 13
59954 261 4 756 397;1346;758;524 2 16
60101 262 7 666 62;718;1102;484;575;957;761 21 3
60212 263 40 919 929;735;1028;659;525;1248;1448;1004;536;1301;944;1232;731;986;634;515;740;929;1222;779;791;224;1576;939;738;1110;571;1115;632;834;639;1447;199;792;1218;949;1400;908;1174;1385 183 12
60643 264 5 769 733;800;364;941;1009 3 15
60707 265 5 791 372;772;1066;901;842 3 15
60724 266 3 709 1300;498;328 124 3
60930 267 10 984 853;1496;1202;923;1718;1466;542;382;1011;244 1 4
62215 268 3 713 336;305;1497 61 3
62244 269 13 830 368;1389;341;1590;1001;1062;763;673;907;1101;1132;256;209 43 16
62483 270 4 873 448;1289;780;974 12 7
62570 271 1 1239 1239 2 16
62894 272 2 876 427;1324 66 7
62953 273 2 610 804;416 3 15
63305 274 4 481 509;117;391;907 2 16
63321 275 5 937 1178;782;568;1119;1039 1 4
63480 276 2 833 606;1060 1 4
63937 277 4 1042 180;1151;1405;1432 4 3
64367 278 3 653 599;708;652 67 17
65082 279 9 858 1283;744;935;640;1167;755;1126;816;259 6 18
65143 280 3 1289 1277;1128;1461 2 16
66245 281 7 676 659;639;482;579;978;1206;186 2 16
66263 282 4 856 773;673;1494;482 1 4
66510 283 4 471 864;205;459;356 2 16
66745 284 3 554 201;508;953 2 16
66885 285 3 784 852;743;758 1 4
66931 286 4 1300 1061;1492;1310;1335 37 2
67023 287 5 902 818;595;1300;898;899 124 3
67307 288 1 910 910 7 19
67311 289 3 1124 850;1389;1134 2 16
67546 290 4 1202 1016;811;1323;1657 13 10
69190 291 2 1132 1256;1009 12 7
69289 292 13 1055 216;701;919;1406;1032;1069;1374;870;1452;1320;1627;691;1035 1 4
69742 293 2 1130 1057;1204 9 16
71246 294 7 615 474;145;663;490;1143;945;445 143 13
71448 295 4 570 603;1008;347;324 1 4
73404 296 5 1152 1278;493;1478;1260;1250 5 8
73437 297 4 782 968;1108;540;513 3 15
73569 298 3 976 215;1178;1535 1 4
73720 299 2 700 765;635 2 16
74156 300 6 851 1301;1370;192;522;992;730 21 3
74746 301 5 566 1185;639;260;297;447 2 16
74875 302 2 989 1129;849 1 4
75064 303 4 768 1232;146;1047;646 1 4
75188 304 2 602 696;507 17 12
77500 305 8 1027 433;725;1294;550;1564;1238;1308;1101 1 4
77662 306 2 955 1302;608 1 4
79548 307 2 390 287;492 1 4
79737 308 12 840 721;1152;989;931;455;567;1136;867;812;967;924;557 1 4
80032 309 8 865 1289;550;1175;257;262;1241;1343;802 1 4
80184 310 3 649 334;774;840 1 4
81268 311 2 862 879;844 4 3
81589 312 8 1011 1329;1446;586;823;643;1207;1423;631 4 3
81598 313 5 667 215;870;1389;139;724 13 10
81702 314 7 1054 728;1373;1356;619;909;1215;1179 8 9
85115 315 7 911 912;1126;452;885;1146;705;1151 1 4
85353 316 25 926 1083;1296;1404;1205;491;859;1208;392;1693;487;967;949;864;393;874;1311;907;250;566;1603;499;1519;1268;453;614 134 16
85371 317 5 803 1149;826;925;1045;69 88 9
86098 318 2 1270 1374;1166 2 16
88624 319 4 708 626;567;739;900 1 4
88673 320 2 603 1105;101 1 4
89456 321 5 865 629;486;963;1051;1195 1 4
89483 322 6 794 512;959;556;883;1294;559 5 8
91187 323 8 1064 979;508;1503;1238;1336;915;955;1079 4 3
98788 324 1 282 282 1 4
98992 325 7 930 913;1076;807;936;913;1108;754 3 15
100185 326 2 1023 1200;846 10 17
101529 327 5 1214 1394;1134;914;1189;1437 4 3
102456 328 2 1137 1151;1123 3 15
102730 329 2 936 622;1251 2 16
103379 330 3 1178 1363;975;1195 1 4
106119 331 8 858 738;824;1627;209;1289;1014;838;323 1 4
106249 332 3 534 771;687;144 3 15
106846 333 5 550 432;267;649;1037;365 7 19
107065 334 8 863 654;1007;223;614;1255;1551;342;1256 3 15
107126 335 2 417 421;413 5 8
107161 336 1 1463 1463 2 16
107285 337 9 736 451;643;1533;1015;1052;883;501;263;286 1 4
107339 338 2 738 1172;305 1 4
107389 339 2 1086 764;1407 1 4
107648 340 2 436 344;527 18 12
107686 341 3 319 183;273;502 1 4
107783 342 4 814 786;200;1144;1126 4 3
107861 343 5 1090 1016;800;1593;988;1051 1 4
107984 344 22 1030 1186;613;1127;1158;1116;62;735;1051;1670;763;1393;1050;1084;1237;1649;1356;693;1026;1154;1000;984;544 2 16
108057 345 10 741 1075;613;835;888;172;995;753;924;290;861 7 19
108251 346 7 837 1008;562;848;1410;1027;796;205 1 4
108298 347 6 734 1099;1305;912;649;306;136 1 4
108326 348 4 464 545;655;129;529 10 17
108808 349 3 866 580;1513;505 1 4
108990 350 10 1060 1113;900;1048;1628;1117;349;1195;1236;1397;614 26 18
109048 351 10 1067 1286;897;1194;1229;1645;1143;1037;383;804;1055 9 16
109600 352 4 918 1183;1284;329;874 143 13
109613 353 1 828 828 1 4
110035 354 2 1214 833;1595 5 8
110051 355 3 664 820;430;741 1 4
110055 356 2 1084 1575;593 125 18
110188 357 2 806 940;673 57 3
110411 358 2 990 904;1075 42 16
110571 359 2 708 585;831 2 16
110982 360 8 983 1374;258;368;1163;1030;1097;1282;1292 2 16
110999 361 1 499 499 4 3
111039 362 3 919 1304;1092;361 99 9
111496 363 4 1260 1143;1447;1672;778 1 4
111565 364 7 955 908;1086;1531;962;744;1059;398 148 17
111944 365 2 885 731;1039 5 8
112052 366 3 1146 1218;1440;780 1 4
112088 367 8 884 463;1589;1477;1137;1264;459;512;171 14 13
112111 368 10 857 1182;613;606;466;1021;721;594;1403;675;1287 1 4
112203 369 7 701 706;613;565;957;1085;380;599 2 16
112449 370 2 1075 730;1420 1 4
112647 371 6 886 867;841;664;908;578;1460 123 15
112651 372 1 1274 1274 99 9
112659 373 3 533 724;703;173 74 4
112690 374 6 842 1030;1619;856;819;369;356 183 12
112814 375 5 940 984;1089;724;1253;648 23 16
112842 376 29 950 535;1298;1555;981;550;1368;1183;915;1061;931;818;869;1173;824;378;1053;858;247;933;1012;938;1426;1091;567;950;718;1365;943;1024 3 15
113212 377 15 953 847;138;710;1287;1340;781;876;533;1574;1348;1052;705;1248;402;1450 5 8
113244 378 9 798 500;466;942;899;605;962;723;907;1179 17 12
117969 379 5 992 1355;657;398;1172;1377 2 16
117986 380 5 1261 685;1508;1703;1304;1107 1 4
118004 381 4 840 1239;796;1066;259 1 4
118454 382 6 920 1102;879;1235;544;540;1222 1 4
119022 383 3 940 919;1061;840 1 4
119664 384 4 758 641;700;669;1022 18 12
119736 385 2 1068 893;1244 127 18
119752 386 2 1088 1274;903 1 4
119804 387 4 766 469;1061;1314;222 96 4
119884 388 3 953 635;928;1296 16 11
120092 389 5 1192 663;1509;1669;1511;608 3 15
120112 390 5 935 1306;503;624;993;1251 1 4
120125 391 5 928 1508;333;729;1330;738 1 4
120219 392 1 1158 1158 2 16
120626 393 6 830 299;1012;791;1022;1008;845 3 15
120642 394 4 852 726;1081;840;762 1 4
120718 395 4 1019 1418;850;844;963 42 16
121159 396 4 700 136;768;586;1310 51 16
121173 397 1 1037 1037 8 9
121422 398 1 913 913 27 6
121509 399 2 948 1174;723 1 4
121666 400 4 1038 741;819;1228;1365 48 5
121683 401 5 941 1022;844;1403;1120;318 1 4
122519 402 8 639 1340;246;532;746;314;766;630;540 1 4
122529 403 5 950 945;1248;398;1401;756 1 4
122628 404 4 742 1132;439;447;952 1 4
122717 405 2 652 625;680 2 16
122723 406 5 907 920;852;888;1079;797 289 18
122771 407 10 978 1086;878;1021;1349;1327;541;976;811;1513;276 3 15
122827 408 7 796 742;1016;1077;681;544;1203;312 43 16
122839 409 10 779 751;1069;1045;502;573;891;1031;461;656;814 3 15
123059 410 2 891 568;1214 1 4
123263 411 2 817 991;643 1 4
123531 412 20 850 1081;585;708;203;701;282;787;1482;633;531;645;913;841;1110;765;1359;1234;923;995;1213 4 3
123702 413 2 666 823;509 1 4
123953 414 2 786 574;999 1 4
123992 415 3 764 1168;730;394 1 4
124060 416 2 802 825;778 1 4
124254 417 2 1313 1403;1223 6 18
124519 418 2 502 836;168 3 15
124838 419 2 1404 1408;1401 1 4
125161 420 3 1063 1206;1007;975 5 8
125172 421 7 786 741;1175;752;821;482;931;600 1 4
125255 422 3 1025 1187;698;1189 51 16
125328 423 5 586 716;860;488;674;193 3 15
125487 424 6 695 760;325;531;273;934;1349 1 4
126329 425 5 1187 1417;1150;1068;965;1336 1 4
126340 426 3 831 998;887;609 70 15
126618 427 1 229 229 28 13
126771 428 9 970 1026;1259;613;764;1363;806;1437;604;862 297 3
126916 429 2 648 142;1153 1 4
126925 430 2 1395 1292;1498 2 16
127034 431 2 581 560;602 16 11
127040 432 3 1435 1389;1591;1326 29 15
127102 433 4 1013 582;903;1472;1096 4 3
127210 434 1 570 570 1 4
127218 435 2 1061 739;1383 4 3
127259 436 2 1306 1423;1189 9 16
127297 437 2 1074 1188;961 1 4
127333 438 3 1114 436;1377;1528 15 16
127410 439 7 703 686;741;994;1119;541;607;235 12 7
127446 440 3 892 673;1371;631 60 2
128432 441 3 1054 817;986;1360 29 15
128510 442 4 661 753;847;87;957 27 6
128747 443 3 736 703;257;1248 1 4
128833 444 1 616 616 2 16
128852 445 24 944 410;509;334;326;1120;799;1334;1170;649;1511;703;1475;785;1179;1169;1259;846;1277;653;389;1071;1318;1356;1010 11 7
129005 446 4 1035 1038;764;1244;1095 90 14
129060 447 3 481 664;472;308 2 16
129182 448 1 330 330 9 16
129189 449 2 878 796;959 2 16
129261 450 2 597 541;653 13 10
129321 451 2 1176 1219;1134 2 16
129327 452 5 925 1138;636;733;1213;906 1 4
129456 453 2 820 727;914 1 4
129619 454 2 878 705;1052 3 15
129821 455 5 646 383;928;1303;139;475 2 16
129971 456 4 1102 1325;757;1493;832 1 4
131070 457 2 992 1446;539 2 16
131216 458 1 448 448 1 4
131223 459 9 969 1066;868;293;1523;1695;1104;1015;561;592 2 16
131386 460 1 630 630 34 6
131417 461 2 1169 1045;1293 2 16
131446 462 3 566 486;936;277 4 3
131851 463 3 928 1013;689;1082 14 13
131862 464 2 1335 1224;1446 19 6
131879 465 1 1450 1450 1 4
131941 466 2 992 883;1100 12 7
131978 467 3 1033 1459;825;816 17 12
132043 468 9 892 353;1208;1431;809;818;805;824;1097;683 3 15
132267 469 7 962 1288;544;682;866;1284;1275;798 19 6
132308 470 5 1041 463;714;1307;1114;1607 2 16
132325 471 5 1005 902;1309;936;817;1059 6 18
132947 472 2 814 914;714 343 11
133035 473 4 779 145;1403;889;678 15 16
133091 474 8 1061 1589;1518;383;1548;1632;687;508;621 23 16
133543 475 5 760 685;1077;571;940;526 5 8
133628 476 3 896 1455;1001;231 1 4
133794 477 2 821 896;746 1 4
133823 478 2 1072 822;1321 1 4
134059 479 2 512 327;696 1 4
134277 480 8 976 1295;1688;83;412;1124;1413;350;1442 1 4
134567 481 10 806 393;261;1326;669;313;1255;1103;1586;597;560 2 16
134620 482 1 81 81 1 4
134806 483 14 1130 1014;1111;971;345;960;1466;1040;1225;1657;1219;513;1492;1087;1725 1 4
134823 484 7 1096 1266;322;1329;1181;802;1501;1269 275 19
134828 485 3 1379 1071;1579;1487 2 16
134971 486 2 275 394;156 1 4
135135 487 4 923 754;507;929;1503 4 3
135257 488 2 474 298;649 1 4
136503 489 14 1006 743;1109;1738;1452;1078;347;1151;1283;1205;419;775;1014;1256;510 18 12
136593 490 2 1260 1511;1009 1 4
137019 491 3 1020 1676;408;977 1 4
137423 492 2 1039 1401;677 75 12
137429 493 3 671 934;827;251 3 15
137697 494 2 1096 898;1294 115 12
137739 495 5 980 838;1263;848;1075;875 5 8
137789 496 3 1178 1274;1241;1018 7 19
137940 497 6 787 321;1155;658;558;929;1101 29 15
138050 498 5 1022 1168;1117;1573;767;484 1 4
138062 499 4 518 327;986;194;564 2 16
138198 500 4 1016 1497;1436;477;656 7 19
138272 501 1 1213 1213 6 18
138361 502 2 745 390;1100 1 4
138688 503 4 1043 831;1390;1700;251 10 17
138721 504 8 833 1144;907;373;1634;1101;583;143;778 18 12
139011 505 1 1664 1664 4 3
140440 506 5 947 940;876;1037;888;993 1 4
140513 507 5 868 625;461;1288;1031;935 1 4
140615 508 3 443 327;555;447 1 4
140714 509 3 1232 893;1163;1641 3 15
142059 510 1 995 995 4 3
142320 511 3 706 805;636;676 2 16
142860 512 25 796 1293;484;599;979;706;687;1093;1333;953;1188;755;1568;1054;982;750;828;136;889;577;418;1031;413;389;396;390 4 3
142988 513 2 1228 1349;1107 2 16
143484 514 16 852 1326;679;322;773;1120;835;702;330;873;1055;1258;449;1573;470;631;1240 3 15
143493 515 2 832 808;856 6 18
143811 516 4 1365 1120;1527;1305;1509 1 4
143958 517 5 811 404;1129;841;801;878 2 16
144472 518 12 789 879;976;1317;882;421;725;599;288;1186;1280;291;628 2 16
144485 519 4 812 850;712;462;1226 3 15
144592 520 3 1066 869;1572;757 2 16
144674 521 19 929 1164;504;725;979;805;1400;1549;360;963;513;700;553;1034;1586;1478;414;623;879;1425 1 4
144763 522 2 1157 1616;698 3 15
144892 523 1 1126 1126 2 16
145883 524 3 353 358;408;294 17 12
146021 525 2 950 736;1163 4 3
146197 526 6 777 1463;278;559;477;502;1384 1 4
146299 527 6 1222 1179;776;1504;870;1283;1717 1 4
146554 528 2 824 813;835 2 16
146591 529 3 861 393;1251;939 1 4
148639 530 2 894 1221;566 1 4
148801 531 3 831 926;587;981 2 16
148975 532 2 538 188;889 99 9
149062 533 1 290 290 1 4
149153 534 2 744 597;892 16 11
149229 535 4 592 307;1380;601;79 26 18
149255 536 4 706 373;1379;740;334 1 4
149392 537 3 593 534;677;569 1 4
149510 538 6 985 1103;1157;866;490;1208;1086 1 4
149793 539 2 734 473;995 2 16
149909 540 3 942 860;1160;806 1 4
150015 541 2 622 669;574 1 4
151605 542 1 1574 1574 1 4
151932 543 4 780 1103;999;261;757 1 4
152434 544 7 791 722;324;1290;1029;740;801;629 22 18
152531 545 5 811 710;734;893;457;1263 5 8
152684 546 4 1483 1200;1707;1588;1437 1 4
152727 547 11 780 1162;1011;1236;482;505;1231;1012;217;293;578;852 4 3
153132 548 8 1024 489;1697;1435;1366;522;566;1402;715 1 4
159621 549 5 1035 1114;963;1439;689;969 1 4
161027 550 3 783 757;137;1456 23 16
161186 551 2 824 832;816 1 4
161603 552 2 1438 1554;1321 4 3
163785 553 7 756 723;949;810;329;889;1087;507 1 4
163811 554 1 101 101 1 4
163854 555 3 969 876;782;1248 3 15
164278 556 6 991 1475;890;661;1334;1404;180 1 4
164318 557 3 1219 1099;1316;1242 237 1
164552 558 5 1003 1613;435;863;1267;837 1 4
165130 559 1 978 978 2 16
165611 560 2 720 578;862 8 9
166527 561 4 932 1352;389;1484;503 4 3
166619 562 3 869 1310;907;390 8 9
166745 563 2 1192 1210;1173 3 15
170302 564 4 734 948;800;599;591 2 16
170551 565 3 1371 1099;1497;1518 9 16
170684 566 3 435 547;583;176 1 4
170707 567 1 763 763 2 16
173244 568 2 638 829;446 33 11
173388 569 2 718 916;519 1 4
173658 570 3 1131 966;1227;1201 1 4
174277 571 7 918 565;788;877;1054;668;1589;882 1 4
174647 572 2 1270 1526;1015 1 4
174822 573 7 698 670;649;509;744;1414;89;809 2 16
176104 574 10 706 492;1022;623;1006;779;891;257;297;939;750 3 15
176248 575 5 849 1401;873;263;956;754 7 19
183673 576 2 1374 1030;1718 4 3
185756 577 1 900 900 79 15
188222 578 2 1127 824;1430 2 16
193724 579 2 1325 1222;1428 2 16
193899 580 3 1102 408;1390;1507 1 4
193923 581 10 928 941;909;1130;1104;914;1017;768;1475;728;291 6 18
193966 582 2 840 931;750 97 19
193988 583 7 975 1451;869;615;1335;1077;852;625 159 12
193997 584 2 1054 890;1219 1 4
194005 585 9 739 863;368;567;925;778;433;727;1095;894 2 16
194076 586 4 1076 698;751;1172;1683 31 17
194109 587 4 600 752;565;489;596 1 4
194129 588 4 1068 1148;1240;917;967 2 16
194430 589 2 1028 687;1369 49 14
194618 590 4 942 1284;747;1157;578 1 4
194815 591 3 980 545;852;1544 5 8
194838 592 10 924 706;462;721;887;1025;857;1207;831;1381;1160 1 4
195011 593 2 605 538;672 57 3
195086 594 2 888 1131;645 4 3
195328 595 2 984 1257;710 2 16
195670 596 4 758 775;779;460;1019 3 15
195828 597 3 1056 1029;1171;969 1 4
195873 598 1 838 838 1 4
195880 599 5 761 589;729;961;713;813 25 19
195990 600 6 761 935;761;428;436;766;1242 2 16
196016 601 2 1096 999;1194 2 16
196192 602 1 701 701 50 4
196207 603 5 632 1004;522;721;467;446 20 16
196209 604 2 540 707;374 18 12
196214 605 1 635 635 15 16
196231 606 19 936 1456;766;1058;995;718;972;801;744;949;742;715;1142;534;576;1083;932;1228;1339;1032 8 9
196790 607 9 1027 1454;924;368;990;1240;1026;1306;557;1374 1 4
196964 608 2 978 1238;718 17 12
197159 609 3 822 714;1237;515 6 18
197171 610 2 831 597;1065 1 4
197257 611 9 874 704;787;1421;1100;1085;412;411;840;1108 124 3
197346 612 10 922 1344;779;710;497;1226;1020;942;1385;798;517 15 16
197711 613 3 760 187;913;1181 102 5
197749 614 4 1275 1384;1127;1070;1520 1 4
197947 615 4 537 91;1141;325;590 41 13
198107 616 2 1110 1389;831 2 16
198156 617 2 731 837;625 1 4
198211 618 5 901 561;959;1567;1022;397 348 7
198247 619 14 832 576;758;873;670;1016;500;708;619;1148;932;767;978;861;1243 5 8
198318 620 12 746 1236;904;1159;698;994;524;1278;666;305;476;432;275 1 4
198536 621 17 786 1124;233;760;926;224;1359;249;880;609;750;532;398;1029;817;827;1142;1506 54 17
198667 622 1 903 903 2 16
198671 623 2 1145 966;1324 6 18
198733 624 3 580 400;603;737 29 15
198739 625 3 1016 862;1588;597 109 3
199408 626 4 628 79;887;794;750 3 15
199416 627 3 1371 1476;1429;1207 1 4
199490 628 6 960 705;1070;1161;1036;855;931 1 4
200134 629 2 866 1490;243 143 13
200560 630 2 976 591;1360 57 3
200604 631 11 945 1268;1088;966;962;1084;400;1731;663;1190;818;229 1 4
200687 632 8 886 1533;390;457;574;1159;536;1177;1263 9 16
201449 633 4 687 611;597;1020;520 37 2
201488 634 8 988 466;470;842;1561;881;1026;1263;1395 1 4
201589 635 7 1016 992;1457;1272;840;1017;1091;442 5 8
201643 636 5 929 921;913;1041;1184;588 2 16
201886 637 1 550 550 19 6
202593 638 3 712 554;810;772 2 16
202791 639 6 1034 860;1022;1014;1571;1296;439 26 18
203485 640 5 844 837;788;523;838;1235 6 18
204034 641 1 300 300 2 16
204048 642 9 888 743;926;703;1054;1466;1007;538;531;1026 2 16
204099 643 9 1137 1546;1231;1558;1349;454;559;1166;1144;1229 123 15
204103 644 3 414 296;322;623 2 16
204140 645 1 443 443 4 3
204623 646 4 1160 1051;1077;1513;1000 3 15
204752 647 3 1024 941;851;1280 25 19
204783 648 2 1084 1306;862 2 16
204858 649 3 1228 1187;1361;1137 18 12
204895 650 3 802 1041;1187;177 147 16
205025 651 9 936 1292;178;623;1425;1067;1252;844;622;1124 1 4
205100 652 4 1044 1174;973;1570;457 3 15
205104 653 2 574 132;1016 2 16
205176 654 4 655 838;658;772;352 9 16
205221 655 2 932 1085;780 24 6
205704 656 5 1199 950;1356;1667;967;1056 1 4
205763 657 1 427 427 64 5
206089 658 8 1035 553;1096;1081;1238;1000;549;1520;1245 46 3
206108 659 8 1074 862;1022;748;1237;1657;1241;841;986 1 4
206363 660 2 954 628;1280 19 6
206380 661 4 1051 1422;1285;973;525 3 15
206389 662 24 930 1054;1305;1169;596;1030;787;695;1408;1585;501;767;1177;988;1165;865;708;569;550;1137;1273;897;701;1201;190 15 16
206397 663 3 954 700;987;1174 2 16
206628 664 3 961 1164;977;741 2 16
206694 665 7 966 1601;148;1085;869;1206;603;1252 4 3
206744 666 2 1148 775;1521 1 4
206788 667 9 739 169;816;839;624;578;944;709;1588;382 12 7
207116 668 3 1315 1630;1636;680 30 16
207760 669 4 993 622;729;1243;1377 2 16
207895 670 12 808 135;782;342;667;1122;900;1206;578;852;1567;1001;540 4 3
207965 671 5 1151 1578;852;1422;1107;795 10 17
208138 672 1 693 693 1 4
208147 673 2 1072 1166;978 1 4
208297 674 2 861 924;798 3 15
208649 675 4 663 649;792;201;1009 2 16
208655 676 1 761 761 25 19
208763 677 8 1270 1441;1718;1341;1252;1467;93;1458;1386 1 4
208790 678 10 661 636;199;157;867;1272;844;1169;164;353;946 1 4
209296 679 2 700 1009;390 61 3
209338 680 5 734 668;393;354;897;1356 8 9
209348 681 43 830 98;951;894;914;749;794;294;487;1590;818;943;995;551;1352;923;668;1304;1594;278;799;738;1354;346;511;673;1298;918;511;664;577;1640;479;1232;935;597;376;521;1135;592;997;420;1668;528 1 4
209476 682 24 951 1351;1063;653;1298;797;1266;977;1324;988;360;1251;665;1222;802;513;1053;404;1245;1115;947;470;1295;1691;80 1 4
209901 683 1 1005 1005 4 3
209935 684 13 858 412;442;791;558;1030;1510;1040;1337;179;943;1341;874;696 3 15
210121 685 4 790 579;692;482;1407 4 3
210313 686 2 1185 1407;963 8 9
210841 687 3 796 1084;1064;239 43 16
211306 688 2 1022 504;1539 3 15
211395 689 3 1181 1054;1534;954 2 16
211441 690 3 986 872;1446;640 7 19
211475 691 5 980 654;1014;1248;450;1535 2 16
211501 692 4 1092 991;1522;1380;476 116 11
211536 693 4 820 1107;1103;691;381 33 11
211626 694 2 910 782;1038 16 11
212189 695 2 850 935;764 38 6
212892 696 2 1174 1437;910 174 15
212896 697 5 760 484;606;644;993;1071 1 4
213862 698 1 1558 1558 7 19
213878 699 2 974 1108;840 22 18
213991 700 3 785 1069;855;431 35 19
214096 701 18 977 559;692;873;688;662;1353;1032;1544;960;1482;714;436;654;1722;853;1016;780;1567 3 15
214311 702 3 968 1086;659;1158 3 15
214401 703 3 699 765;814;518 10 17
214423 704 2 523 718;328 3 15
214453 705 1 1088 1088 219 7
214464 706 2 626 922;329 1 4
214579 707 1 906 906 4 3
214656 708 2 989 1086;892 1 4
214682 709 10 827 950;1332;200;889;1136;1053;493;941;1213;64 342 17
214891 710 2 1381 1462;1300 1 4
215013 711 4 1028 1022;1141;865;1085 1 4
215161 712 4 688 756;322;648;1024 3 15
215300 713 56 938 1265;749;756;951;356;745;109;1611;1014;762;676;945;584;1254;1414;1024;1563;900;1563;1398;1106;1393;1030;473;842;544;770;1607;1236;72;841;865;1045;1734;1326;1009;956;599;1278;1227;90;97;889;821;719;61;907;1125;1406;398;1626;1123;1258;629;434;1357 1 4
215357 714 3 984 1122;724;1105 1 4
215379 715 2 414 398;431 1 4
215441 716 3 857 791;652;1128 3 15
215460 717 4 1002 668;937;1199;1206 191 1
215612 718 4 838 360;1020;476;1498 4 3
215681 719 9 821 890;629;983;519;1226;570;887;712;970 7 19
216052 720 2 702 668;736 1 4
216171 721 8 743 1136;659;1171;602;1127;561;215;472 50 4
216252 722 2 930 1340;520 1 4
216311 723 2 590 312;867 1 4
216374 724 4 880 695;731;687;1409 2 16
216688 725 14 937 854;774;820;858;906;1594;870;1313;951;942;703;998;1030;501 1 4
216708 726 3 820 685;739;1037 8 9
216763 727 2 900 859;942 1 4
217011 728 2 688 402;974 6 18
217379 729 2 1094 609;1580 1 4
217664 730 2 1370 1602;1137 1 4
217892 731 3 1091 978;1400;894 117 19
218163 732 3 802 765;878;762 2 16
218600 733 2 812 441;1183 58 5
218640 734 7 945 282;462;1378;1247;1129;1002;1116 1 4
218645 735 4 825 743;819;1051;687 6 18
219013 736 2 530 506;554 6 18
219217 737 6 834 1139;1009;819;920;532;584 21 3
219339 738 2 1214 1133;1295 2 16
219864 739 3 1136 1300;1474;634 2 16
220048 740 22 854 948;931;440;1381;1196;1519;879;1013;1053;927;299;754;792;364;796;1292;450;438;786;496;1289;746 309 8
220289 741 2 1182 1425;939 1 4
220636 742 46 921 588;501;1653;381;404;599;1440;651;1704;819;1028;814;1263;474;1189;711;790;298;1063;1214;482;1028;502;945;604;690;1120;1305;938;1615;1383;558;1296;1298;477;606;1191;1291;1226;640;1598;834;597;835;892;812 5 8
220648 743 1 1062 1062 11 7
220671 744 3 1208 1311;1058;1256 9 16
220683 745 3 1032 493;1257;1345 2 16
221508 746 2 824 797;850 1 4
221616 747 7 913 1519;1210;760;899;226;626;1151 1 4
221650 748 1 332 332 2 16
221903 749 10 672 361;1100;1021;753;475;444;578;210;879;897 4 3
221913 750 2 1004 990;1017 2 16
221992 751 3 712 895;639;601 2 16
221994 752 3 648 470;679;794 85 19
222216 753 7 1071 654;1496;258;1609;1320;994;1169 13 10
222446 754 11 809 186;774;636;1430;607;1677;1384;189;1193;134;692 1 4
222500 755 2 700 834;566 2 16
222620 756 1 1482 1482 3 15
223036 757 9 676 789;847;1090;428;401;486;744;1213;83 1 4
223074 758 1 1684 1684 74 4
223101 759 2 398 512;285 5 8
223329 760 3 969 650;1454;802 12 7
223520 761 5 1012 1727;1362;415;757;800 11 7
223734 762 2 1086 874;1298 1 4
224785 763 2 1282 918;1645 1 4
224940 764 6 745 780;1062;1347;347;334;599 43 16
225104 765 1 219 219 126 2
225108 766 4 695 726;384;751;920 11 7
225125 767 2 730 634;826 1 4
225143 768 13 889 815;1304;659;878;62;387;1338;1015;1376;792;1093;546;1296 4 3
226495 769 1 670 670 1 4
226785 770 5 978 865;734;1516;1090;683 1 4
226876 771 3 886 1156;1202;300 1 4
227092 772 13 681 1213;188;818;669;676;381;1229;1160;255;328;104;811;1024 1 4
227493 773 4 887 742;1517;843;446 2 16
227525 774 4 729 717;297;1104;799 1 4
227766 775 3 1020 782;1326;952 22 18
228295 776 5 722 341;808;340;808;1312 87 18
228419 777 5 864 960;228;974;1345;813 2 16
229199 778 6 904 1168;851;643;840;763;1159 24 6
229454 779 7 1017 1099;820;881;1410;1394;771;745 21 3
229703 780 4 894 497;1372;817;890 4 3
230080 781 6 967 1142;987;1051;991;965;668 1 4
230152 782 2 1044 1327;761 1 4
230179 783 2 448 531;364 3 15
230672 784 3 745 144;1016;1076 1 4
230748 785 5 812 916;567;721;1229;627 2 16
230805 786 3 827 744;474;1264 1 4
231029 787 4 744 644;633;819;879 5 8
231034 788 2 1046 912;1179 8 9
231092 789 16 998 1419;1420;769;727;970;663;1200;981;373;766;1178;726;1074;1321;1166;1207 1 4
232958 790 3 750 954;805;490 25 19
232973 791 2 959 593;1325 5 8
233865 792 6 1090 966;1175;1148;1073;922;1256 1 4
234794 793 4 767 1247;389;1135;298 26 18
235004 794 3 1069 1222;288;1696 1 4
236342 795 4 1048 970;1169;928;1123 2 16
236591 796 4 822 625;1277;618;770 1 4
236602 797 13 803 886;983;972;414;874;556;265;1302;1309;447;486;698;1249 7 19
236718 798 4 879 847;826;892;952 165 10
236828 799 9 707 626;829;858;1134;658;544;933;537;244 43 16
236854 800 3 726 169;1412;596 8 9
237069 801 2 1001 1377;625 21 3
237090 802 1 671 671 1 4
237202 803 6 750 625;194;714;1271;851;842 1 4
237275 804 1 601 601 1 4
237334 805 2 1073 692;1454 9 16
237496 806 3 1072 1327;725;1165 93 4
237662 807 3 480 580;764;95 1 4
237699 808 25 890 775;212;1020;686;1113;925;1244;1206;765;960;880;1278;1164;415;679;1569;549;219;1235;809;817;581;1072;1137;948 3 15
239031 809 23 954 1124;739;1657;644;906;201;817;743;612;948;616;1099;775;1228;1350;1444;706;1000;1071;1083;1432;1331;414 8 9
239360 810 3 1037 1364;576;1170 4 3
239822 811 5 1019 776;1467;916;1614;324 290 7
239902 812 6 1068 592;397;1545;1412;1236;1228 2 16
240554 813 3 842 850;316;1360 120 2
240687 814 2 790 1032;549 4 3
240954 815 4 740 353;839;637;1133 7 19
241057 816 2 1034 1009;1058 1 4
241247 817 7 922 1170;164;992;768;729;1328;1301 2 16
241982 818 5 821 863;447;1086;1185;522 4 3
242157 819 4 757 671;985;768;604 17 12
242279 820 3 708 1157;607;360 7 19
242316 821 6 967 1000;1720;808;181;1111;982 6 18
242410 822 3 1153 868;1148;1444 1 4
242721 823 12 812 857;800;885;230;332;1049;1159;1106;856;1151;502;815 1 4
242912 824 7 1116 1496;1399;929;666;1277;1388;657 1 4
243422 825 5 794 1302;241;832;443;1153 4 3
244075 826 8 766 100;835;548;885;1218;1073;463;1004 18 12
244155 827 1 1286 1286 1 4
244347 828 4 964 733;1281;1178;662 15 16
244500 829 2 779 723;835 1 4
244796 830 4 1256 1586;1429;1095;913 32 19
245807 831 2 756 397;1114 1 4
247101 832 3 653 410;775;773 60 2
247271 833 5 856 701;272;970;1102;1233 11 7
247552 834 11 838 384;948;1083;928;1343;554;1092;1129;686;919;151 45 1
248446 835 8 813 1273;655;1109;943;655;773;199;895 1 4
248539 836 12 925 1146;602;455;1063;571;1390;512;1557;1155;599;1332;719 1 4
248680 837 2 685 1285;85 7 19
248902 838 5 1062 1042;1477;861;1078;853 64 5
248969 839 4 1134 1087;404;1394;1652 3 15
250590 840 2 874 358;1389 5 8
252273 841 1 921 921 349 5
254699 842 3 735 495;584;1127 1 4
256063 843 3 860 887;1458;235 16 11
258189 844 17 906 1493;623;423;1200;228;860;824;859;747;481;875;1270;1298;1252;946;710;1309 1 4
258859 845 2 1124 865;1383 2 16
259108 846 3 677 655;671;705 152 6
261078 847 2 492 897;88 3 15
271985 848 6 704 388;476;691;884;643;1143 2 16
274255 849 2 1414 1168;1660 32 19
275046 850 4 1234 611;1449;1338;1538 2 16
278187 851 8 703 492;1074;744;716;1015;374;895;317 9 16
278231 852 2 619 601;637 2 16
278253 853 3 1102 1174;1487;644 1 4
278297 854 2 856 460;1251 1 4
278309 855 6 798 451;1028;1443;635;433;795 1 4
278418 856 6 695 190;237;680;989;898;1174 195 13
278449 857 5 788 533;325;1159;789;1135 1 4
278460 858 3 1005 968;1147;899 1 4
278903 859 1 1498 1498 7 19
278986 860 3 796 1568;647;172 2 16
279009 861 3 739 827;652;739 3 15
279217 862 9 811 956;1001;159;644;915;948;1413;310;949 1 4
279248 863 4 810 536;336;1358;1009 16 11
279255 864 14 750 988;84;627;567;287;791;633;1184;991;1029;382;1039;736;1157 1 4
279528 865 4 807 1043;870;544;771 28 13
279558 866 1 834 834 4 3
279563 867 2 608 898;318 4 3
279692 868 1 935 935 16 11
279710 869 3 973 760;1005;1153 12 7
280078 870 11 776 176;1267;951;840;991;247;668;536;1454;449;958 3 15
280099 871 1 176 176 2 16
280124 872 2 1164 1264;1064 2 16
280385 873 6 1212 1595;846;1209;1094;1150;1379 2 16
280839 874 21 1024 1174;616;1256;1452;964;1389;1076;662;1396;591;633;981;1201;1125;764;684;1663;476;1015;754;1626 3 15
280854 875 5 846 1102;1105;939;985;100 6 18
280870 876 4 1168 1164;1031;1510;966 25 19
281332 877 2 793 1015;571 166 6
281387 878 3 870 1374;387;850 6 18
281447 879 12 1057 853;1609;1271;525;660;556;1250;1202;1211;1602;1118;826 18 12
281518 880 2 930 1130;729 1 4
281713 881 5 1254 1715;1563;1267;658;1068 1 4
281837 882 1 899 899 1 4
281995 883 6 1283 1714;910;1564;1449;1303;758 35 19
282058 884 4 434 299;1185;188;65 23 16
282340 885 3 915 794;288;1662 1 4
282344 886 5 834 574;665;1091;751;1088 2 16
282370 887 8 1121 1101;1292;786;716;1532;880;1020;1644 20 16
282373 888 4 766 781;430;1005;847 2 16
282482 889 3 827 503;564;1413 17 12
282575 890 2 923 865;981 10 17
282657 891 2 938 652;1225 13 10
282727 892 9 1007 924;1058;1161;739;937;1684;1405;671;487 309 8
282764 893 6 903 985;990;1049;855;851;686 5 8
282843 894 4 640 608;610;651;690 12 7
283125 895 4 755 982;555;777;706 44 10
283156 896 5 788 281;1558;1137;204;759 2 16
283211 897 1 1324 1324 5 8
283264 898 2 1222 872;1572 1 4
283279 899 5 1188 819;1131;1494;1676;819 1 4
283706 900 4 686 863;515;1084;283 99 9
283967 901 11 1068 634;673;1447;1216;1004;1265;1334;1051;864;1073;1190 1 4
284064 902 7 1106 1074;1269;1148;1169;649;1062;1371 25 19
284118 903 9 848 249;1422;897;336;1622;747;872;689;794 80 13
284142 904 2 764 723;806 1 4
284958 905 3 798 118;1286;989 1 4
285010 906 5 910 767;1485;754;726;817 360 3
285126 907 1 926 926 9 16
285247 908 2 464 173;756 4 3
285287 909 6 1102 1034;1267;240;1540;1310;1219 1 4
285345 910 5 960 622;1298;1028;964;888 1 4
285406 911 2 816 839;793 30 16
285698 912 2 1249 1199;1299 2 16
285858 913 5 803 548;1289;750;515;911 3 15
286247 914 2 1064 922;1205 10 17
286263 915 2 949 1404;494 1 4
286808 916 27 879 1374;1199;567;833;1399;626;1009;972;868;189;847;480;879;1605;864;728;829;366;842;1267;323;973;993;815;864;1243;790 1 4
286888 917 5 797 1046;1015;651;1059;216 49 14
286903 918 4 811 463;1109;1145;528 9 16
286975 919 2 1022 687;1358 317 17
287661 920 2 1007 1148;866 97 19
287670 921 3 1145 970;1339;1127 1 4
287876 922 2 989 1649;329 4 3
288188 923 73 962 671;1121;1306;229;411;982;1065;1405;1158;1184;1707;1074;1391;1656;1108;716;1546;780;1261;1284;1211;89;873;986;1274;973;658;904;97;908;781;1335;1370;1140;840;647;530;978;732;900;1148;992;1009;742;1477;729;1159;1607;1045;1351;390;885;1037;990;866;607;577;1631;925;807;628;1272;1005;1060;836;1054;611;346;133;1021;1124;724;1184 32 19
288198 924 3 1182 1736;1301;509 4 3
288222 925 3 988 404;1186;1374 31 17
288277 926 6 1070 1298;693;1293;877;785;1472 17 12
288326 927 1 1048 1048 8 9
288404 928 9 1115 1103;1306;1320;1539;825;916;856;580;1586 4 3
288412 929 16 718 895;793;912;594;457;753;1044;861;352;1105;924;289;869;640;263;735 63 3
288465 930 7 1114 1157;1175;755;1340;1139;699;1533 1 4
288503 931 16 995 816;707;986;619;1238;1698;1338;1169;661;895;1078;1092;667;570;1543;842 1 4
288791 932 4 552 750;432;720;308 13 10
289146 933 6 747 764;1289;361;373;599;1094 1 4
289199 934 3 1210 970;1640;1019 170 18
289253 935 4 764 1213;703;430;712 77 16
289289 936 4 926 444;711;1334;1214 10 17
289333 937 1 1254 1254 41 13
290062 938 7 964 1214;817;470;781;1292;1402;771 3 15
290438 939 2 1286 1342;1230 1 4
290477 940 2 838 738;938 5 8
290658 941 9 985 561;1385;1314;1460;826;780;844;691;1000 1 4
290695 942 3 953 1096;595;1167 19 6
290713 943 3 1036 933;1228;947 150 11
290762 944 6 1063 1154;769;1027;762;1289;1376 1 4
290785 945 10 940 852;1062;666;1367;1203;356;1224;493;1323;855 26 18
290909 946 1 1205 1205 336 5
291021 947 2 444 571;317 1 4
291347 948 5 893 1600;466;691;1035;674 5 8
291360 949 9 790 1073;498;493;1112;492;1253;984;992;210 84 17
291461 950 6 796 942;323;1379;184;1191;758 11 7
291530 951 3 650 715;596;638 20 16
291764 952 26 877 830;935;1433;415;1442;185;640;69;705;876;824;657;974;879;455;617;1498;664;1320;1188;1537;357;764;957;1326;1247 92 10
292074 953 12 854 834;803;409;1376;714;273;1019;963;651;1082;1636;490 1 4
292128 954 2 848 626;1071 50 4
292185 955 5 980 840;1069;295;1451;1246 1 4
292268 956 2 1088 1459;717 4 3
292294 957 3 1124 734;1614;1024 1 4
292465 958 2 1244 905;1582 139 16
292628 959 5 949 1070;985;1171;859;660 109 3
292673 960 10 778 504;1069;1128;850;1188;280;553;132;882;1190 1 4
292788 961 6 947 1155;456;1385;587;1647;450 28 13
292810 962 1 886 886 1 4
293005 963 2 876 1177;575 170 18
293052 964 10 853 1417;721;499;750;1583;942;582;220;895;923 255 10
293068 965 2 436 500;373 51 16
293131 966 4 714 1127;831;158;742 1 4
293263 967 2 762 1242;283 1 4
293914 968 2 1362 1328;1395 2 16
293940 969 2 580 1059;100 3 15
293942 970 1 957 957 1 4
294108 971 16 778 810;910;450;1073;620;870;1137;1344;314;1299;684;451;1183;237;744;321 1 4
294126 972 2 836 752;919 2 16
294623 973 20 995 481;718;1397;804;506;1582;886;1123;969;1090;1241;257;1357;1253;956;1002;558;1168;1522;1034 157 12
294711 974 2 1012 834;1191 1 4
294713 975 2 942 778;1106 9 16
294745 976 16 930 1327;1008;1045;691;539;914;477;924;880;1521;675;1236;985;871;585;1204 3 15
294841 977 3 744 930;877;425 1 4
294844 978 30 812 273;817;821;941;949;891;990;1046;571;1211;330;1406;594;1059;637;574;580;1297;707;299;998;341;1030;1132;1058;364;683;608;980;1177 82 14
294864 979 10 888 1034;1154;955;431;1068;466;826;742;629;1576 1 4
294930 980 1 894 894 1 4
295169 981 5 679 194;701;1044;575;881 1 4
295223 982 2 878 666;1090 10 17
295233 983 1 1076 1076 96 4
296038 984 3 962 1127;903;856 67 17
296125 985 3 1042 1348;1525;254 1 4
296265 986 3 1037 289;1366;1455 2 16
296398 987 8 588 1162;338;344;873;597;1026;167;194 1 4
296888 988 8 1110 717;1126;1305;1098;1449;1070;1057;1061 2 16
297194 989 7 1052 1035;1265;831;722;1170;1104;1235 1 4
297315 990 13 768 917;878;459;876;864;1069;864;259;501;1090;759;443;1011 1 4
297466 991 18 829 1223;1008;1020;870;799;176;398;115;1134;1312;955;1134;192;1182;1412;846;585;556 3 15
297608 992 4 824 1425;841;556;473 1 4
297664 993 9 1040 1022;1159;957;1228;912;1207;928;1144;801 1 4
297898 994 2 664 982;345 333 1
297909 995 2 517 189;845 7 19
298546 996 2 777 582;972 1 4
299087 997 12 1104 1136;1250;518;848;1204;1389;1170;973;606;1624;1536;992 20 16
299382 998 1 301 301 316 4
300773 999 6 1176 1000;898;1251;879;1483;1546 4 3
300938 1000 14 887 1093;962;706;942;559;1027;1408;819;888;387;973;648;609;1403 1 4
301025 1001 2 658 659;656 27 6
301038 1002 4 1110 1048;1453;454;1487 8 9
301056 1003 5 732 1406;368;1065;555;268 1 4
301122 1004 6 666 1135;324;492;776;743;528 2 16
301188 1005 3 919 940;1494;322 1 4
301287 1006 3 959 1081;917;879 1 4
301316 1007 4 788 826;1501;274;550 12 7
301435 1008 1 321 321 20 16
301454 1009 2 1040 1473;606 5 8
301472 1010 2 830 810;850 7 19
301574 1011 3 805 1143;302;969 12 7
301614 1012 6 1099 1264;1661;450;1694;930;593 5 8
301828 1013 5 769 1097;731;1163;366;489 24 6
301833 1014 2 730 505;956 84 17
301909 1015 16 936 1329;1739;918;913;473;401;918;768;583;1553;1051;537;1038;1031;554;1169 1 4
302024 1016 8 776 655;1061;386;1158;979;829;477;661 1 4
302080 1017 6 763 110;360;1111;522;1300;1176 1 4
302089 1018 2 1080 1104;1055 1 4
302097 1019 3 1073 1157;1385;677 140 1
302222 1020 4 829 960;677;1043;636 36 13
302293 1021 5 1030 1027;1517;1095;715;794 1 4
302374 1022 11 699 1057;860;583;309;995;761;581;640;356;1284;260 89 2
302449 1023 6 1110 878;1330;685;1044;1485;1241 3 15
302617 1024 2 1308 1703;914 38 6
302641 1025 6 770 1165;84;364;967;1117;922 3 15
302748 1026 21 879 971;1016;1259;859;882;1348;538;888;387;1018;362;1171;632;1002;1128;550;1407;931;964;178;975 1 4
302895 1027 3 989 657;791;1519 14 13
303125 1028 3 892 853;865;957 7 19
303136 1029 2 1302 1015;1590 1 4
303289 1030 3 1377 1441;1740;949 49 14
304113 1031 5 1134 1285;1287;1586;753;758 1 4
304436 1032 4 1013 979;657;1410;1006 2 16
304463 1033 6 1086 1122;1466;898;716;1516;797 8 9
304523 1034 3 969 1336;705;865 3 15
304563 1035 2 1125 651;1599 2 16
305135 1036 3 542 320;690;617 6 18
305162 1037 2 1081 1402;760 34 6
305207 1038 5 838 842;924;1257;635;532 1 4
305393 1039 2 616 742;489 1 4
305506 1040 2 1010 896;1124 267 4
305740 1041 3 754 563;749;949 9 16
305961 1042 12 1021 981;1687;1019;1182;692;1132;952;1327;1032;995;926;332 7 19
306535 1043 9 930 1293;1310;493;477;1005;451;1074;1077;1194 60 2
306656 1044 2 704 868;541 1 4
307035 1045 2 582 983;180 78 9
307178 1046 3 1407 1471;1100;1649 200 8
308208 1047 2 674 849;500 7 19
308313 1048 3 561 888;428;367 19 6
308366 1049 2 614 834;394 3 15
308372 1050 5 897 804;1598;520;760;804 1 4
308400 1051 2 700 992;409 1 4
308459 1052 3 970 846;1167;897 1 4
308477 1053 23 981 1188;754;962;664;1288;1237;1253;1294;1322;941;891;457;140;1383;1333;1443;1033;1122;1094;424;657;1038;647 2 16
309433 1054 5 804 398;968;1052;656;946 2 16
309551 1055 1 1004 1004 5 8
309709 1056 11 1105 1200;1257;997;668;889;1219;1404;899;1324;1224;1079 1 4
309865 1057 3 518 615;538;400 5 8
309873 1058 4 794 178;500;1178;1320 71 4
309907 1059 3 762 529;370;1386 5 8
309961 1060 4 1104 1272;1174;1277;692 1 4
310004 1061 1 547 547 1 4
310259 1062 16 912 766;983;997;1402;472;517;1619;1294;711;1384;658;729;710;624;1220;513 4 3
310501 1063 3 1185 1361;1144;1050 14 13
310600 1064 4 768 559;846;1300;367 53 18
310793 1065 3 1039 1031;1341;746 2 16
310829 1066 4 1113 887;1405;1003;1156 13 10
310841 1067 2 1262 1459;1066 4 3
310953 1068 14 946 471;1336;972;478;1282;819;632;1274;1113;1246;318;1118;802;1382 1 4
310997 1069 7 880 917;817;1725;271;962;1333;135 76 13
311125 1070 2 617 816;418 1 4
311228 1071 2 313 433;193 100 17
311661 1072 5 725 229;410;1403;688;893 2 16
311790 1073 3 1041 1305;1127;692 107 12
311879 1074 4 1066 876;1489;971;929 14 13
311884 1075 2 1291 1267;1315 1 4
312885 1076 20 878 374;1560;1191;1137;1303;548;1146;410;829;194;431;1450;310;1122;1699;370;1463;521;760;740 2 16
312896 1077 2 854 1309;398 43 16
313008 1078 5 559 163;675;392;760;803 2 16
313087 1079 3 1056 787;959;1421 72 4
314082 1080 2 920 606;1234 1 4
314125 1081 2 479 267;691 89 2
314286 1082 18 1013 1103;1185;1032;1245;544;1153;1480;1308;950;853;896;1321;258;770;698;1148;1265;1031 14 13
314300 1083 2 1034 1216;852 12 7
314335 1084 13 865 1368;1074;638;113;1010;473;969;943;895;1216;367;772;1402 1 4
314514 1085 4 1064 989;636;1180;1450 4 3
314605 1086 7 934 1454;566;1341;780;785;957;656 1 4
315362 1087 1 1239 1239 1 4
315397 1088 10 749 429;1269;1378;999;902;357;116;912;521;610 3 15
315508 1089 4 743 1226;651;580;516 3 15
315550 1090 2 664 625;703 1 4
315764 1091 3 932 641;1079;1076 8 9
315885 1092 3 570 103;306;1300 291 16
315945 1093 3 711 604;710;820 3 15
316347 1094 8 1104 1392;1233;1163;596;1559;1021;795;1072 6 18
316624 1095 2 1000 948;1051 4 3
316651 1096 7 1079 1171;1272;1228;1739;702;798;646 37 2
316693 1097 1 457 457 13 10
316721 1098 2 762 646;877 7 19
317725 1099 2 829 954;704 2 16
318281 1100 5 839 1272;177;1107;445;1195 57 3
318346 1101 3 1129 874;840;1674 1 4
318518 1102 2 868 912;823 253 11
318762 1103 3 939 728;597;1491 50 4
319007 1104 3 1112 1346;1291;699 203 14
319186 1105 2 1043 955;1131 75 12
319353 1106 10 928 653;1146;767;1248;937;864;1087;816;1067;695 18 12
319371 1107 4 971 1250;790;826;1017 61 3
319386 1108 7 914 1257;1088;615;894;228;1006;1313 26 18
319396 1109 2 712 726;698 2 16
319603 1110 2 966 451;1482 1 4
319725 1111 2 664 818;510 10 17
320433 1112 2 922 1303;541 1 4
320651 1113 8 729 1357;485;221;675;188;1250;835;821 3 15
320691 1114 3 1031 582;1179;1332 30 16
320771 1115 4 876 768;722;1576;437 2 16
320873 1116 4 1206 1226;907;1357;1332 1 4
321232 1117 5 850 968;808;591;581;1301 4 3
321416 1118 1 590 590 1 4
322331 1119 5 866 728;783;1648;984;185 13 10
322627 1120 9 804 1579;750;280;508;454;440;895;651;1679 1 4
322930 1121 2 1012 917;1107 9 16
323274 1122 1 1138 1138 1 4
323294 1123 7 1029 697;1097;1658;1388;662;1268;433 30 16
329076 1124 2 506 523;489 174 15
329322 1125 4 620 682;407;495;897 5 8
329525 1126 2 1012 562;1461 2 16
329641 1127 2 942 939;946 6 18
329887 1128 22 1022 1285;887;873;1204;1014;821;1512;1123;1122;839;986;1233;1038;1184;1318;1169;1382;243;1320;205;1115;607 14 13
330391 1129 2 1114 845;1382 1 4
330471 1130 4 832 1108;1119;820;279 58 5
336699 1131 6 847 308;1036;901;1347;1137;354 6 18
336885 1132 3 768 348;823;1132 5 8
337204 1133 2 650 776;525 11 7
338054 1134 3 842 757;397;1371 16 11
338585 1135 2 861 979;743 229 12
338753 1136 4 1068 917;1029;1702;623 3 15
338935 1137 4 649 360;426;921;889 2 16
339382 1138 2 976 735;1218 78 9
340497 1139 5 922 1184;1466;506;1074;380 7 19
341465 1140 3 649 930;705;313 1 4
341899 1141 4 704 579;1261;617;359 1 4
341937 1142 2 656 480;832 1 4
342234 1143 16 815 688;301;812;843;460;1461;1051;625;545;689;822;1560;816;972;723;665 1 4
342826 1144 14 997 609;862;149;738;1509;1465;1052;1497;915;1437;747;1197;1197;588 1 4
343396 1145 22 861 1159;317;654;535;1181;1009;861;163;618;502;552;1596;1423;1471;933;1307;1188;859;920;534;1079;84 5 8
343962 1146 2 1362 1127;1596 17 12
344694 1147 3 960 996;1309;576 1 4
344989 1148 4 665 430;493;823;915 4 3
346956 1149 2 670 1018;322 53 18
348705 1150 1 1110 1110 110 19
349128 1151 2 1084 1116;1051 3 15
349829 1152 14 890 83;599;1052;1656;1502;287;1072;774;392;1094;917;608;1221;1209 8 9
350475 1153 2 828 315;1342 2 16
350510 1154 2 1135 1447;823 1 4
351433 1155 7 830 1107;1262;1155;1277;296;436;280 20 16
351847 1156 2 792 251;1333 1 4
352936 1157 2 600 678;522 1 4
353236 1158 2 720 430;1011 191 1
353396 1159 2 476 434;517 2 16
353485 1160 1 505 505 1 4
361822 1161 1 1200 1200 1 4
367373 1162 5 1129 994;1540;1573;475;1062 6 18
367732 1163 7 855 1630;86;656;616;1498;986;515 2 16
367806 1164 1 1628 1628 2 16
367831 1165 3 1032 275;1116;1704 16 11
367858 1166 4 1068 644;1298;1042;1286 1 4
368118 1167 2 818 817;819 36 13
368925 1168 2 1040 1167;913 3 15
369078 1169 1 1127 1127 1 4
369467 1170 2 422 329;514 1 4
369894 1171 6 1110 1085;1153;982;1036;1211;1195 101 6
369903 1172 9 721 459;602;436;334;580;847;1400;724;1105 1 4
370037 1173 5 757 349;839;711;557;1330 1 4
370134 1174 9 1005 525;1661;164;1237;1272;944;1097;1250;897 2 16
370171 1175 2 818 1015;621 70 15
370234 1176 2 476 588;365 1 4
371255 1177 13 900 1028;798;333;1194;1028;1004;600;1176;1405;439;942;649;1100 97 19
372095 1178 4 1041 971;860;893;1440 21 3
372136 1179 2 800 819;781 4 3
372178 1180 11 789 1497;765;989;271;851;1185;359;667;1019;385;689 1 4
372978 1181 7 974 1193;1023;1117;1242;1409;563;270 1 4
373037 1182 2 816 836;795 8 9
373152 1183 2 1135 709;1561 6 18
373412 1184 3 1016 851;828;1369 63 3
373471 1185 2 1061 848;1274 51 16
373695 1186 2 664 397;931 1 4
374026 1187 19 1002 568;1110;809;685;701;1453;509;1237;1132;520;1633;820;1521;1029;1668;1001;1005;835;799 5 8
374082 1188 3 939 1098;530;1190 13 10
374182 1189 3 732 620;156;1421 1 4
374290 1190 6 1079 869;1387;1377;773;742;1328 9 16
375021 1191 1 688 688 309 8
375052 1192 1 710 710 3 15
375072 1193 6 832 892;556;935;1171;503;937 1 4
375169 1194 2 726 391;1060 1 4
375254 1195 10 913 1273;721;814;697;896;1465;1213;736;761;556 207 18
375328 1196 4 1006 1358;726;549;1389 331 13
375575 1197 9 941 1118;648;721;1176;1237;664;833;766;1309 118 12
375605 1198 6 712 395;313;676;574;778;1538 2 16
375619 1199 9 1026 481;1383;1091;1374;439;1371;1016;648;1432 61 3
375711 1200 6 884 886;987;969;991;197;1275 7 19
375732 1201 4 716 461;737;779;886 14 13
375755 1202 6 894 581;529;814;1590;897;952 2 16
375760 1203 4 1111 1367;801;1387;890 2 16
375893 1204 2 466 517;416 8 9
376109 1205 4 1016 1496;1002;122;1445 1 4
376321 1206 2 892 1230;555 169 4
376765 1207 8 975 907;858;1171;1295;678;511;858;1521 3 15
376966 1208 3 852 276;1142;1137 1 4
377107 1209 4 747 523;827;280;1357 64 5
377183 1210 7 1022 1220;972;986;1156;456;1249;1112 2 16
377211 1211 2 1233 1041;1425 4 3
377221 1212 2 952 1412;493 7 19
377265 1213 4 726 1169;681;782;271 45 1
377313 1214 1 345 345 16 11
377324 1215 4 712 694;667;589;898 2 16
377424 1216 2 330 189;472 1 4
377458 1217 3 628 237;835;811 42 16
377478 1218 3 954 1332;79;1451 2 16
377580 1219 7 926 753;1618;864;546;289;1351;1064 40 11
377739 1220 3 1085 1446;1293;516 24 6
377743 1221 88 893 435;979;578;928;910;1402;998;695;915;1479;1037;1411;868;671;1204;418;470;1411;1325;129;619;1087;1464;555;930;783;435;883;712;1313;1198;1609;931;1060;389;912;1430;986;1608;250;849;628;884;1150;238;1282;870;727;627;1324;432;686;1110;733;553;845;637;978;630;1259;1038;476;752;1099;500;447;275;1339;1103;1080;955;886;1297;459;826;1055;1422;501;1664;511;732;576;1094;140;1411;1583;1058;449 19 6
377767 1222 4 688 549;908;629;667 15 16
377800 1223 16 900 921;829;1103;597;1182;651;1356;607;642;953;981;952;1326;769;697;835 2 16
377852 1224 1 601 601 3 15
377863 1225 5 1039 625;1081;924;1714;850 1 4
378324 1226 3 594 1100;297;385 58 5
378361 1227 4 888 1063;1386;79;1025 1 4
378415 1228 2 864 1244;484 1 4
378552 1229 9 978 941;799;928;1684;696;389;1532;943;894 2 16
378650 1230 10 923 281;1284;1300;1002;596;1158;354;1338;949;972 4 3
378667 1231 2 1428 1592;1263 10 17
380252 1232 5 1009 1231;1323;1189;461;843 1 4
380477 1233 6 637 838;473;408;752;595;757 60 2
380526 1234 2 904 1317;492 1 4
380622 1235 16 850 353;1157;1019;1334;731;1195;210;542;1523;531;350;857;826;792;886;1302 1 4
381105 1236 2 401 450;352 4 3
381165 1237 2 1430 1366;1495 130 10
381191 1238 11 851 891;1625;869;1043;91;960;1284;1014;556;781;247 1 4
381259 1239 4 1002 669;758;1365;1215 12 7
381333 1240 3 900 684;1231;786 13 10
381339 1241 4 871 566;800;1666;452 5 8
381574 1242 2 851 935;767 3 15
381662 1243 1 1149 1149 1 4
381753 1244 20 877 341;833;250;783;667;828;1123;990;1550;1002;807;757;976;1497;960;958;758;928;938;591 66 7
381799 1245 3 903 953;696;1059 1 4
381822 1246 8 1051 896;1132;1434;620;812;969;926;1621 2 16
381924 1247 2 782 963;600 235 8
381933 1248 9 865 1194;802;753;478;772;1233;1052;1245;259 11 7
381974 1249 5 1189 1312;974;1033;1633;993 1 4
382175 1250 2 652 994;309 13 10
382181 1251 2 966 1654;278 2 16
382256 1252 3 663 191;482;1315 2 16
382265 1253 4 881 1008;754;1163;598 17 12
382653 1254 4 1220 894;1367;1593;1026 4 3
382684 1255 2 1114 1340;888 209 9
382699 1256 16 932 1679;1034;1175;991;1003;537;404;621;463;1315;1163;278;866;1457;1075;853 2 16
382726 1257 6 966 192;1405;1522;978;977;722 1 4
382759 1258 4 670 673;623;1001;385 1 4
382813 1259 3 960 1528;252;1099 1 4
382828 1260 8 871 919;984;311;649;1599;164;1524;817 4 3
382998 1261 1 151 151 1 4
383229 1262 3 1341 1410;1063;1550 2 16
383241 1263 5 776 529;244;1048;919;1140 1 4
383247 1264 10 786 1358;713;593;889;777;527;559;753;789;900 2 16
383332 1265 4 1118 985;761;1204;1521 1 4
383490 1266 4 962 1617;446;1036;749 1 4
383690 1267 7 930 1189;711;1363;665;701;1098;785 12 7
383750 1268 2 561 475;647 1 4
384017 1269 2 568 279;858 1 4
384058 1270 5 867 645;950;1384;820;535 4 3
384485 1271 2 1058 1269;848 129 12
384865 1272 5 1013 836;1731;576;1006;916 1 4
384963 1273 2 1296 1361;1232 2 16
384988 1274 3 744 869;539;825 41 13
385424 1275 20 779 942;495;434;460;1004;982;767;986;1072;991;374;1162;722;679;871;1050;977;103;622;886 1 4
385528 1276 14 1005 1448;996;650;1052;1358;1544;615;1045;1088;267;1019;701;1580;712 28 13
385750 1277 2 898 225;1571 1 4
385856 1278 40 933 588;675;833;1396;1274;522;1211;1270;1172;410;177;924;837;1001;527;1046;1605;785;989;1366;983;1491;1306;327;843;967;1408;415;361;723;1258;1569;512;1236;882;1012;1296;736;1287;92 11 7
385874 1279 3 907 915;425;1380 4 3
385965 1280 2 1272 1110;1434 1 4
386080 1281 3 606 532;633;652 16 11
388165 1282 2 1014 788;1241 8 9
389531 1283 2 1315 1142;1488 10 17
389566 1284 5 676 857;1676;226;82;539 91 19
389857 1285 3 927 500;1029;1252 5 8
389927 1286 4 888 1487;713;970;381 6 18
389992 1287 3 1090 951;1002;1317 102 5
391028 1288 2 1236 1179;1292 6 18
391054 1289 2 1135 1268;1002 5 8
391295 1290 2 752 1207;296 11 7
391844 1291 12 689 633;855;805;925;307;705;582;1039;181;860;690;683 1 4
391850 1292 7 1037 893;1327;1253;1128;594;1311;754 6 18
392102 1293 4 587 628;603;644;472 23 16
392242 1294 3 1038 1467;537;1110 1 4
392338 1295 1 792 792 4 3
392362 1296 2 1114 1240;987 1 4
392407 1297 1 1364 1364 5 8
392600 1298 23 842 566;536;427;879;1609;1279;866;991;1044;930;657;1025;758;470;1555;1014;232;710;814;899;917;887;309 1 4
392722 1299 8 764 809;1197;854;886;428;439;1044;457 2 16
392952 1300 7 692 467;741;778;670;360;936;890 2 16
393517 1301 2 1158 1475;841 1 4
393535 1302 2 606 655;557 18 12
393834 1303 2 204 219;190 1 4
393872 1304 2 480 440;521 249 17
394475 1305 4 928 740;810;1054;1107 2 16
394521 1306 3 530 610;390;590 1 4
394789 1307 2 480 285;675 3 15
395965 1308 4 905 62;1225;719;1613 1 4
396467 1309 4 1016 1213;676;1032;1143 83 2
396478 1310 5 1050 763;1030;1559;295;1603 2 16
396940 1311 3 663 576;969;445 4 3
396947 1312 3 836 531;1020;958 1 4
396952 1313 2 978 914;1042 3 15
397006 1314 6 744 1072;1033;743;987;426;206 4 3
397149 1315 3 912 1081;321;1334 2 16
397224 1316 1 925 925 1 4
397251 1317 2 877 1452;302 1 4
397303 1318 28 913 807;830;1137;799;721;1333;868;1295;272;1081;838;264;1358;805;1095;1449;704;1516;973;836;1603;176;284;269;1047;798;1184;1222 1 4
397801 1319 4 829 482;985;817;1031 23 16
397839 1320 2 1032 950;1113 3 15
397848 1321 7 929 1201;631;726;1353;865;860;867 1 4
397858 1322 34 918 977;1337;540;1154;744;341;751;1115;933;1069;1026;698;527;827;1181;992;305;737;815;1123;844;876;957;623;1474;981;1271;962;1036;1727;1378;667;841;398 1 4
398192 1323 5 891 547;1244;742;500;1423 3 15
398233 1324 2 946 769;1124 62 3
398526 1325 19 1023 249;1311;756;1175;874;689;1295;1235;1419;1521;614;653;1211;1391;1114;1165;1326;1010;438 4 3
398593 1326 4 979 533;967;1247;1168 1 4
398714 1327 8 926 1019;1054;1159;1068;703;878;884;639 8 9
398734 1328 8 808 855;860;535;704;466;590;1121;1336 1 4
398823 1329 3 647 519;1244;179 1 4
399097 1330 12 827 531;657;239;1225;706;722;1186;426;1420;1013;798;1000 55 19
399444 1331 8 808 691;893;548;256;957;1422;1607;89 1 4
399484 1332 9 855 353;1157;1180;858;344;849;1083;1054;817 1 4
399743 1333 7 841 930;1023;407;1259;699;1212;360 1 4
399911 1334 7 817 1150;803;734;1234;594;701;500 5 8
399980 1335 5 1155 1165;1349;954;1120;1188 3 15
400032 1336 2 662 791;532 2 16
400126 1337 3 1111 731;1250;1351 1 4
400188 1338 2 874 1636;112 5 8
400282 1339 2 948 1254;641 1 4
400315 1340 6 896 1347;758;752;672;1245;600 1 4
400426 1341 13 789 462;1579;918;577;810;1100;545;110;728;658;1206;361;1198 8 9
401255 1342 5 782 847;446;1206;949;464 2 16
401276 1343 4 900 1450;356;644;1152 1 4
401457 1344 2 861 836;886 1 4
401473 1345 5 901 929;1103;124;1223;1124 3 15
402144 1346 4 804 850;920;891;553 2 16
402153 1347 4 610 436;237;760;1009 87 18
402343 1348 2 298 523;74 24 6
402557 1349 2 1123 911;1335 2 16
402601 1350 3 1156 897;1348;1224 1 4
402710 1351 4 1135 1148;717;1256;1419 3 15
402954 1352 15 925 715;671;1037;680;1438;932;1355;454;1090;1317;579;926;732;855;1100 4 3
403433 1353 2 812 1267;358 69 16
403474 1354 3 731 773;755;666 4 3
403508 1355 2 832 1099;564 10 17
403624 1356 4 868 1152;583;867;871 129 12
403819 1357 2 742 479;1004 8 9
403964 1358 5 1195 742;1344;1322;1158;1410 7 19
404181 1359 9 939 1147;690;715;1132;971;1160;1460;591;586 1 4
404822 1360 12 802 867;1116;795;764;588;904;732;1077;538;1049;388;809 2 16
404880 1361 2 818 939;697 2 16
405768 1362 4 703 479;1365;687;281 52 7
405971 1363 1 436 436 1 4
406045 1364 1 1499 1499 55 19
407327 1365 4 899 1263;997;340;995 2 16
407359 1366 2 1344 1112;1576 6 18
407425 1367 2 773 640;906 2 16
407721 1368 1 424 424 18 12
407967 1369 7 753 710;577;1225;958;892;467;443 158 14
408087 1370 2 786 1198;375 20 16
408212 1371 3 851 850;699;1004 100 17
408669 1372 2 1004 971;1037 1 4
408700 1373 3 910 974;1071;685 1 4
408748 1374 3 956 574;1217;1076 3 15
408936 1375 4 1034 815;1115;1220;986 4 3
409083 1376 2 1226 1115;1337 2 16
409225 1377 4 612 562;532;864;491 18 12
412048 1378 8 752 179;1030;1054;428;814;360;1302;853 1 4
412120 1379 8 1046 522;1464;732;1525;807;953;988;1375 27 6
412696 1380 3 860 804;1351;426 9 16
412766 1381 2 1128 1368;889 5 8
413020 1382 1 513 513 2 16
413101 1383 2 661 210;1112 4 3
413957 1384 2 1056 1120;991 3 15
414075 1385 2 838 684;992 231 9
414293 1386 6 790 539;1214;353;1234;544;853 2 16
414347 1387 20 747 987;1255;816;1208;365;1227;561;671;440;949;1244;794;654;798;676;720;91;495;310;678 21 3
414744 1388 3 932 446;968;1381 13 10
415513 1389 4 876 649;794;1294;767 1 4
415563 1390 7 813 593;1207;1441;697;393;812;550 2 16
417136 1391 2 554 465;642 7 19
417618 1392 2 908 635;1182 2 16
417699 1393 2 838 872;804 1 4
417943 1394 2 846 1396;296 9 16
418409 1395 13 931 1192;1171;1103;1222;402;269;1420;520;1101;712;1325;773;894 1 4
418528 1396 2 1138 1088;1187 58 5
421004 1397 8 965 817;821;1016;815;1605;1345;1034;265 13 10
421330 1398 3 1352 1717;1445;895 7 19
422806 1399 2 528 635;420 4 3
423735 1400 5 959 1276;1280;1112;700;429 2 16
429515 1401 1 271 271 12 7
433155 1402 10 767 1008;218;1356;860;825;232;1406;698;512;555 1 4
433573 1403 10 884 258;800;1298;270;130;973;1478;615;1292;1727 225 12
433690 1404 2 648 711;584 5 8
434591 1405 3 1326 1047;1389;1541 2 16
435121 1406 2 520 856;184 2 16
435549 1407 17 874 831;1452;527;788;1090;1301;701;735;1098;714;1731;638;172;421;666;1069;918 1 4
435778 1408 9 883 556;1365;576;1513;342;1017;917;893;768 114 2
436398 1409 1 690 690 1 4
451590 1410 4 1404 1078;1689;1267;1583 344 4
451801 1411 2 1022 1043;1001 2 16
451829 1412 9 900 567;1174;648;580;957;794;1083;1211;1090 2 16
452197 1413 1 1564 1564 1 4
452209 1414 4 1060 1336;1361;915;627 1 4
452449 1415 4 873 732;985;1402;372 1 4
452692 1416 4 404 583;261;187;584 19 6
452706 1417 2 792 804;779 1 4
452757 1418 5 1385 1388;1412;1623;1120;1382 1 4
452822 1419 7 975 958;1064;1227;508;1112;957;999 1 4
452842 1420 8 1038 1641;1212;1083;437;1134;1110;562;1129 8 9
452888 1421 3 1187 1560;690;1311 10 17
453045 1422 13 863 901;1366;1084;658;633;979;1072;759;302;1274;351;804;1036 1 4
453118 1423 4 898 976;540;1157;917 187 7
453500 1424 6 954 1209;696;1051;1048;1052;665 2 16
453688 1425 3 1228 1107;1005;1573 3 15
453690 1426 3 859 795;167;1616 8 9
453767 1427 9 878 787;672;927;181;718;978;1044;1114;1478 1 4
453849 1428 4 732 793;534;653;946 15 16
454349 1429 10 754 654;1478;798;567;787;1053;523;610;775;296 99 9
454499 1430 2 1152 1562;743 365 11
454887 1431 3 1012 1405;1073;557 1 4
454893 1432 10 805 803;1027;524;946;1302;716;294;537;1240;658 5 8
454912 1433 3 933 1041;1221;537 1 4
455110 1434 4 880 574;688;1037;1223 1 4
455113 1435 8 761 1126;1148;310;483;456;713;917;934 1 4
455320 1436 5 676 371;1028;1042;466;473 14 13
455482 1437 3 1066 605;970;1624 111 7
455510 1438 5 922 1361;1241;942;461;606 211 1
455517 1439 2 1357 1200;1514 4 3
455964 1440 4 734 306;1201;1061;369 6 18
456173 1441 2 1180 1037;1322 41 13
456225 1442 2 858 1057;659 1 4
456437 1443 4 996 635;1329;1039;979 10 17
456480 1444 2 939 1390;488 1 4
456528 1445 2 657 816;498 21 3
456570 1446 2 900 673;1127 1 4
456614 1447 5 836 1100;1256;519;600;707 1 4
456872 1448 5 893 151;792;1352;818;1354 16 11
456972 1449 7 949 305;852;730;785;1094;1236;1642 2 16
457110 1450 2 929 1070;788 1 4
457191 1451 2 621 618;624 35 19
457369 1452 6 998 534;666;1467;720;1699;904 2 16
457380 1453 3 936 956;252;1601 15 16
457410 1454 7 813 656;968;623;886;594;520;1441 1 4
457785 1455 2 903 991;815 16 11
457821 1456 13 981 778;1032;289;1173;776;756;1291;831;1505;840;1603;1005;870 1 4
457902 1457 3 1133 1104;1501;793 2 16
458449 1458 1 1164 1164 4 3
458471 1459 29 903 134;488;769;1603;910;555;1151;1412;349;1073;499;532;1441;830;420;998;537;1081;1117;1579;1493;432;865;1271;873;1167;682;935;994 2 16
458494 1460 2 1179 1096;1262 1 4
458658 1461 2 805 1116;494 1 4
458696 1462 2 800 484;1115 23 16
458723 1463 2 294 519;68 2 16
458736 1464 3 626 471;473;933 52 7
458850 1465 6 813 823;739;719;559;1122;916 1 4
458870 1466 5 863 668;892;873;625;1259 1 4
458887 1467 3 728 1140;582;462 1 4
458917 1468 2 1004 1025;983 1 4
458942 1469 4 980 280;1660;1247;732 31 17
459278 1470 2 375 319;431 1 4
459439 1471 4 626 722;250;840;693 3 15
459442 1472 5 801 907;599;598;907;994 31 17
459515 1473 6 898 752;772;1325;478;888;1176 90 14
459526 1474 6 776 1234;821;594;705;664;639 3 15
459663 1475 13 943 1006;528;810;1267;429;931;531;1113;1193;1561;1015;1121;759 13 10
460421 1476 4 1087 760;697;1528;1364 1 4
460549 1477 2 1073 1463;683 2 16
460587 1478 1 1520 1520 1 4
460614 1479 2 1119 1279;959 16 11
460707 1480 11 977 1678;866;963;1457;1188;466;547;485;817;653;1625 13 10
461321 1481 13 845 601;677;651;749;692;1043;1356;715;1652;421;1176;1040;206 2 16
461733 1482 3 1129 1172;1021;1193 8 9
461822 1483 10 887 1211;1034;258;1168;664;503;996;776;1030;1233 17 12
461828 1484 5 1028 1022;1123;1022;837;1135 2 16
461980 1485 2 789 1111;467 1 4
462145 1486 2 1450 1497;1402 3 15
462709 1487 10 926 1352;1361;691;1571;715;448;110;1103;827;1077 1 4
462803 1488 3 733 1079;436;685 21 3
463247 1489 6 1089 979;1370;1294;1256;970;666 1 4
463256 1490 2 598 680;517 7 19
463294 1491 1 636 636 7 19
463384 1492 17 921 865;1101;744;1202;653;930;825;437;1053;649;1448;677;1258;493;899;1057;1368 18 12
463489 1493 4 412 233;258;273;885 4 3
463996 1494 7 1055 1519;457;1145;1286;872;950;1153 26 18
464072 1495 3 981 952;913;1077 1 4
464090 1496 2 288 112;464 33 11
464113 1497 2 542 591;492 145 1
464362 1498 2 1214 1432;996 1 4
464693 1499 2 458 599;317 8 9
464700 1500 2 998 883;1114 2 16
464752 1501 2 630 812;448 11 7
464799 1502 6 826 1086;216;768;484;1212;1191 1 4
464988 1503 3 735 592;317;1296 1 4
465024 1504 4 1045 1383;194;1549;1054 1 4
465110 1505 4 953 1546;905;523;839 127 18
465281 1506 3 1111 1187;721;1426 3 15
465331 1507 2 890 924;857 5 8
465338 1508 9 872 1566;195;765;193;737;564;1104;1312;1410 2 16
465367 1509 4 672 490;1394;244;559 1 4
465501 1510 11 859 874;1447;626;638;755;920;502;823;801;1136;929 1 4
465768 1511 4 638 1146;740;510;154 1 4
465818 1512 5 933 647;1447;684;1190;696 2 16
465864 1513 9 862 926;458;1138;463;716;1561;543;1695;257 5 8
465882 1514 2 918 491;1346 7 19
466052 1515 3 816 992;1012;443 61 3
466070 1516 13 849 951;1129;455;602;826;268;426;1205;1094;946;550;1424;1155 1 4
466122 1517 2 522 769;275 50 4
466180 1518 21 871 1316;843;701;707;643;544;981;436;1023;608;1469;1170;1512;1336;394;815;422;1076;1034;484;786 167 15
466195 1519 9 813 838;902;795;1546;649;780;461;949;401 30 16
466433 1520 2 786 308;1263 19 6
466472 1521 12 1018 1055;1162;1258;360;1723;870;565;1472;398;1121;1419;819 1 4
466516 1522 7 934 857;997;1173;1419;385;425;1279 2 16
466598 1523 2 918 848;987 4 3
466646 1524 2 1208 1236;1181 3 15
466690 1525 7 1008 1269;718;835;1516;855;470;1396 20 16
466806 1526 5 814 736;549;283;1376;1126 2 16
469600 1527 6 854 988;842;538;1181;661;913 5 8
469683 1528 3 768 686;406;1213 1 4
470138 1529 4 715 1213;584;247;817 40 11
470157 1530 2 1064 1090;1038 3 15
470587 1531 15 906 836;750;841;536;907;1484;750;1178;132;1298;1377;856;662;1323;659 1 4
471422 1532 4 801 491;717;1020;977 4 3
471738 1533 2 795 89;1501 1 4
471965 1534 3 1063 1541;260;1388 6 18
472086 1535 10 881 1200;1196;831;690;490;470;795;1281;1323;538 18 12
472176 1536 4 767 373;614;1007;1073 3 15
472218 1537 9 1042 883;544;772;1689;1233;794;1038;1180;1243 42 16
472425 1538 3 851 986;466;1100 80 13
472691 1539 3 945 633;892;1311 10 17
472740 1540 5 799 1043;555;949;667;780 10 17
475141 1541 4 615 466;573;881;541 2 16
475797 1542 69 939 1295;1077;1733;1091;1032;799;1629;648;308;1479;1185;455;1210;1525;308;1368;656;1194;1682;775;898;1214;364;948;535;844;393;633;893;824;1680;856;1137;598;908;1257;234;1422;1334;1274;372;736;769;787;1196;143;504;514;936;774;1168;806;1492;878;1401;573;712;827;558;1211;632;1130;757;704;863;1431;1240;798;1158 5 8
475985 1543 4 982 1576;863;965;524 1 4
476021 1544 3 981 807;1210;927 5 8
476240 1545 4 617 369;599;783;718 39 4
476360 1546 2 1462 1539;1384 225 12
476526 1547 8 726 182;854;669;1026;79;1679;596;726 25 19
476552 1548 4 1094 1014;722;1592;1047 4 3
476613 1549 4 919 639;398;1487;1153 1 4
476681 1550 18 886 1289;356;268;1074;934;1360;1167;366;1108;1228;829;794;325;1006;649;1633;915;651 9 16
476905 1551 9 815 215;334;1262;1182;739;492;1352;214;1543 119 11
477037 1552 2 1332 1517;1147 2 16
477173 1553 2 809 726;892 125 18
477201 1554 2 1425 1160;1690 1 4
477809 1555 3 512 212;717;608 9 16
477875 1556 5 1013 1666;198;1041;1158;1004 2 16
478003 1557 2 1060 796;1325 2 16
478019 1558 6 1062 1049;593;1623;1432;1021;655 3 15
478086 1559 4 1208 1403;1273;1329;829 1 4
478267 1560 3 743 516;851;863 1 4
478417 1561 2 746 683;810 2 16
478494 1562 7 1134 1106;540;1334;1145;1444;1035;1331 2 16
478590 1563 4 1014 1501;505;1108;943 2 16
478815 1564 6 1000 954;598;1225;850;1036;1336 8 9
478922 1565 9 1072 1640;847;881;1305;1095;1137;759;549;1434 1 4
478977 1566 3 1193 1119;988;1472 258 2
479853 1567 5 943 1239;1287;630;813;744 11 7
479901 1568 7 680 378;890;474;1110;668;801;441 22 18
479923 1569 1 587 587 5 8
479972 1570 3 1260 1545;1433;802 1 4
480156 1571 1 1128 1128 2 16
480193 1572 11 896 1658;978;565;360;1067;905;716;832;1126;1114;539 1 4
480948 1573 4 911 1645;825;447;726 1 4
481019 1574 1 1625 1625 1 4
481283 1575 23 978 1042;1292;399;970;718;1369;1356;923;886;1401;1040;1252;471;781;1464;1487;1382;314;545;336;1171;1225;672 3 15
482028 1576 4 1040 1277;1516;641;724 1 4
482126 1577 5 1124 1284;1532;1435;627;743 19 6
482134 1578 2 844 1392;296 3 15
482914 1579 8 848 690;1532;396;215;1229;1070;909;745 33 11
482951 1580 7 836 1232;384;655;1211;963;458;947 2 16
483155 1581 5 1045 1165;691;950;1176;1241 18 12
483260 1582 3 914 627;685;1430 2 16
483299 1583 1 1148 1148 12 7
483915 1584 2 681 362;1000 4 3
484050 1585 3 441 240;506;577 1 4
484123 1586 2 762 285;1239 1 4
484187 1587 3 826 700;544;1233 1 4
484214 1588 2 1066 837;1295 46 3
484329 1589 1 1025 1025 1 4
484359 1590 5 1190 1233;884;1532;1457;845 7 19
484402 1591 8 937 480;635;1224;849;1029;689;1265;1326 3 15
484550 1592 8 1059 1535;1727;1160;744;652;920;565;1171 94 11
484621 1593 3 835 1038;647;820 5 8
485074 1594 6 1151 1071;1498;1283;1276;530;1247 1 4
485171 1595 6 1137 499;704;1622;1407;1243;1345 5 8
485205 1596 1 981 981 3 15
485329 1597 3 811 629;439;1365 20 16
485674 1598 1 1425 1425 4 3
485683 1599 2 952 1018;887 5 8
485827 1600 2 1050 825;1275 10 17
485949 1601 2 1048 1029;1066 5 8
486078 1602 2 1015 1564;466 6 18
486229 1603 2 876 770;983 107 12
486504 1604 2 646 575;716 17 12
486649 1605 5 1021 1562;1309;821;987;425 22 18
486663 1606 3 841 828;535;1160 68 7
486834 1607 5 833 1683;125;1054;726;579 12 7
486867 1608 4 841 1136;1452;395;380 1 4
488186 1609 9 954 1003;1304;834;394;1548;1576;308;1364;254 1 4
488201 1610 1 1065 1065 3 15
488280 1611 7 788 1103;537;1004;886;1188;121;678 359 8
488302 1612 27 877 1023;958;511;780;311;1418;327;1176;1186;993;573;498;1145;259;1004;858;1225;478;397;434;941;1401;1194;1058;1072;1420;1036 7 19
488330 1613 6 1046 449;1280;1496;824;893;1334 4 3
488637 1614 15 894 747;443;805;1176;1469;486;960;1156;1159;1068;890;386;738;1009;923 85 19
488843 1615 3 920 1126;469;1164 32 19
489567 1616 1 631 631 4 3
489693 1617 5 1132 865;1517;1022;1196;1060 17 12
490225 1618 2 1123 1392;854 2 16
491124 1619 2 886 623;1149 1 4
492104 1620 4 815 1545;277;715;723 2 16
492828 1621 2 880 1144;616 97 19
492833 1622 2 1107 1244;970 81 16
492920 1623 3 1018 912;1222;919 96 4
492965 1624 10 973 1195;874;745;742;1058;558;1316;1394;1272;576 1 4
493252 1625 4 1122 1208;1396;916;970 3 15
493608 1626 6 778 909;456;554;898;1424;430 43 16
493630 1627 3 675 522;769;735 3 15
493653 1628 6 1029 1160;1481;581;777;1049;1128 170 18
493854 1629 1 732 732 1 4
494018 1630 4 750 401;1029;1051;519 3 15
494120 1631 5 852 978;1071;1052;296;861 7 19
494904 1632 12 998 610;1248;732;762;1727;833;789;1228;749;1214;559;1524 2 16
494925 1633 4 964 703;1280;732;1139 1 4
495138 1634 2 992 1181;804 28 13
495563 1635 6 832 880;1080;1218;471;471;874 142 9
496163 1636 4 1112 1242;1045;1346;815 1 4
496495 1637 4 934 1169;1272;932;361 1 4
496556 1638 2 260 429;92 1 4
496971 1639 8 968 776;1335;1320;1048;1009;1056;616;582 41 13
497124 1640 2 684 506;861 11 7
497228 1641 4 808 526;1047;1479;181 5 8
497537 1642 5 980 1335;1462;564;565;976 14 13
497565 1643 6 917 493;785;583;1405;1448;787 1 4
498176 1644 3 661 653;733;597 6 18
498539 1645 15 828 87;518;1235;387;119;786;497;1269;752;1352;801;1553;1030;881;1146 1 4
500133 1646 11 984 614;863;176;769;1137;1056;1377;948;1231;1349;1301 5 8
500611 1647 3 632 540;640;717 51 16
500720 1648 3 672 555;874;587 1 4
502024 1649 2 914 847;980 1 4
504495 1650 3 696 930;452;706 1 4
508003 1651 3 1091 908;1106;1259 1 4
508048 1652 3 1038 656;1467;991 22 18
511560 1653 1 794 794 37 2
511731 1654 4 948 998;1107;989;696 140 1
512480 1655 2 870 697;1042 361 8
513528 1656 27 807 156;472;1291;931;721;754;1190;337;710;320;1107;917;901;915;751;417;1647;621;647;1356;591;661;1015;1245;1031;194;901 10 17
516777 1657 2 596 414;779 12 7
517220 1658 1 790 790 2 16
517922 1659 3 795 772;1055;557 92 10
521053 1660 6 576 544;420;294;1207;513;479 3 15
521242 1661 5 868 1474;770;317;1568;212 1 4
522092 1662 8 835 1470;953;1196;340;765;275;483;1200 1 4
532179 1663 3 1228 1000;1515;1168 1 4
532568 1664 7 1051 790;1128;1004;1092;1599;802;942 8 9
534654 1665 4 790 270;1185;1100;603 1 4
536312 1666 6 584 379;1080;622;691;564;166 1 4
537117 1667 6 908 967;987;422;1285;1098;691 12 7
537122 1668 1 787 787 322 15
537146 1669 3 1198 533;1405;1655 17 12
537343 1670 2 686 375;998 1 4
537888 1671 1 1163 1163 3 15
538298 1672 3 664 194;204;1593 4 3
538685 1673 6 928 854;647;1631;1059;1030;349 182 12
538844 1674 8 977 700;813;1502;892;1118;854;926;1009 3 15
538859 1675 2 572 845;298 7 19
538948 1676 2 1096 1630;562 1 4
539001 1677 5 1136 1153;1286;493;1675;1074 24 6
539028 1678 13 921 565;752;1406;975;662;1352;944;1190;870;1022;761;737;737 9 16
539158 1679 1 649 649 2 16
539164 1680 2 862 849;874 44 10
539228 1681 2 1305 1707;903 61 3
539537 1682 9 706 878;301;669;928;628;1058;697;836;359 6 18
539543 1683 2 582 655;510 8 9
539596 1684 4 998 774;881;1323;1016 2 16
539645 1685 1 632 632 2 16
539860 1686 12 991 1443;797;1457;848;1046;1025;938;613;938;1036;1146;610 5 8
540012 1687 5 909 707;323;1523;1157;837 1 4
540056 1688 3 521 440;337;785 2 16
540382 1689 4 1052 1587;592;1134;894 2 16
540400 1690 8 1123 1552;1056;725;1029;1006;1302;1452;863 3 15
540444 1691 6 919 916;536;917;1400;595;1152 3 15
540506 1692 3 798 817;256;1322 2 16
540549 1693 3 952 1450;888;517 5 8
540664 1694 2 664 564;765 367 8
540692 1695 2 722 816;628 1 4
540776 1696 6 791 799;963;1465;387;712;419 10 17
540945 1697 4 1078 970;1578;780;985 338 15
541117 1698 6 839 1253;851;1019;286;588;1035 22 18
541138 1699 5 1018 1297;1574;1358;338;522 19 6
541574 1700 69 839 307;1540;1678;541;1008;630;784;637;866;1108;1019;705;656;1207;1011;490;583;1114;540;1159;590;986;898;658;730;431;986;1500;1092;806;426;812;286;1021;511;649;864;1017;1218;1040;1669;835;935;437;981;807;865;475;1389;362;899;1397;375;665;426;1289;1315;597;787;591;1033;602;971;914;408;570;527;515;1160 2 16
541577 1701 4 664 380;824;811;639 4 3
542290 1702 3 714 363;895;883 5 8
542357 1703 3 900 450;563;1688 17 12
542384 1704 2 920 946;893 11 7
542665 1705 2 988 953;1024 4 3
542711 1706 3 892 940;773;963 1 4
543166 1707 5 1016 1301;718;1214;296;1550 43 16
543251 1708 6 948 760;922;1294;786;843;1080 1 4
544027 1709 7 994 1189;775;1060;1181;1687;828;236 20 16
544140 1710 1 1128 1128 13 10
544156 1711 2 689 867;511 1 4
544311 1712 4 818 1026;680;680;887 31 17
544523 1713 5 995 1134;637;901;916;1385 1 4
544566 1714 3 900 875;516;1308 8 9
544728 1715 5 1154 1108;1350;578;1467;1265 232 13
544735 1716 4 926 879;569;1010;1248 74 4
544762 1717 2 836 326;1345 109 3
545321 1718 3 974 936;889;1096 1 4
545356 1719 2 662 777;548 6 18
545409 1720 18 927 118;854;290;1301;985;1395;1253;890;1035;829;1138;1251;1014;836;355;1027;1132;991 204 10
545470 1721 2 438 542;333 11 7
545812 1722 11 851 145;960;1113;1138;590;442;1253;1706;898;675;436 5 8
545886 1723 2 928 862;993 265 1
545970 1724 16 1036 1548;1129;1207;922;1220;1659;1383;1153;769;1502;1004;678;755;236;693;725 21 3
545995 1725 2 796 789;803 71 4
546101 1726 10 734 533;532;271;753;1124;1332;868;479;469;977 2 16
546162 1727 2 874 757;990 2 16
546621 1728 21 987 878;1049;827;594;663;856;1117;860;1010;1133;633;1189;1108;1285;1193;661;1346;1312;691;1373;941 6 18
547015 1729 3 763 601;516;1171 1 4
547241 1730 2 1170 1546;795 2 16
547297 1731 2 1002 1145;858 1 4
548643 1732 6 1008 485;1108;1371;939;1248;900 4 3
548717 1733 2 735 287;1183 9 16
548775 1734 6 734 448;982;991;237;1213;534 1 4
548993 1735 3 876 1247;607;773 23 16
548998 1736 6 679 813;395;744;1250;417;457 1 4
549025 1737 6 1000 1072;545;1080;1315;1192;798 8 9
549465 1738 7 916 597;1095;1363;1203;1011;361;785 2 16
549565 1739 2 915 682;1148 193 1
549630 1740 2 1178 1639;716 2 16
549669 1741 4 1064 1351;1200;689;1014 7 19
549730 1742 2 839 492;1186 10 17
549898 1743 9 836 1126;645;667;820;109;1168;1136;1167;689 210 6
550153 1744 2 1016 1068;963 1 4
550329 1745 5 1000 1091;882;473;1377;1175 18 12
550342 1746 12 998 331;1279;1093;1231;1269;958;1132;1424;196;1204;963;894 1 4
550420 1747 3 812 922;838;676 1 4
550479 1748 2 1032 1061;1003 142 9
550585 1749 3 870 917;788;906 16 11
551031 1750 2 1269 1291;1247 82 14
551048 1751 3 957 441;1523;907 2 16
551187 1752 1 1096 1096 1 4
551292 1753 4 1147 1056;1489;1521;523 24 6
551408 1754 3 808 577;1037;810 49 14
551501 1755 1 570 570 117 19
551586 1756 1 572 572 208 4
551784 1757 1 928 928 1 4
551798 1758 2 616 333;899 1 4
551811 1759 2 1330 990;1669 1 4
551832 1760 12 1028 1333;1017;785;558;1687;1254;911;564;1696;1172;162;1200 3 15
551923 1761 6 810 385;769;1132;496;815;1265 2 16
552228 1762 22 861 630;661;1527;938;838;541;603;1051;899;1285;1160;653;1119;260;453;681;1231;1117;281;729;846;1433 1 4
552242 1763 1 899 899 19 6
552339 1764 7 913 1191;687;850;410;1047;893;1315 2 16
552381 1765 14 1060 1390;1026;1125;334;947;1542;615;192;915;1507;1640;1496;1272;832 5 8
552784 1766 5 517 371;273;581;970;392 114 2
552854 1767 4 850 395;892;1091;1022 2 16
552950 1768 14 916 600;1141;679;1316;1336;1125;839;840;762;215;1055;1298;401;1210 5 8
552962 1769 1 430 430 4 3
553401 1770 2 1088 1256;919 50 4
553410 1771 7 849 1245;715;890;731;1193;208;963 51 16
553443 1772 17 935 831;160;1080;1191;772;1110;889;1231;554;1432;728;534;1495;1454;1380;201;850 1 4
553609 1773 2 508 315;700 1 4
553629 1774 2 963 1034;892 1 4
553717 1775 2 1068 1291;844 344 4
553738 1776 3 594 220;343;1219 1 4
553776 1777 3 884 921;708;1023 3 15
553862 1778 1 467 467 1 4
553884 1779 2 1704 1679;1728 3 15
554055 1780 7 1028 892;1326;1247;859;910;388;1575 3 15
554085 1781 2 904 1343;464 12 7
555915 1782 11 1029 784;1182;476;1413;949;599;1180;1139;1107;1312;1177 7 19
555916 1783 3 918 1381;1094;280 2 16
556059 1784 2 994 1107;881 21 3
556087 1785 2 708 660;756 5 8
556134 1786 1 1117 1117 29 15
556155 1787 4 1144 1356;1537;1537;148 11 7
556188 1788 2 886 999;774 6 18
557206 1789 3 844 196;1311;1025 4 3
557240 1790 4 926 793;911;1107;894 4 3
557363 1791 3 903 758;778;1174 212 11
557616 1792 1 70 70 3 15
557659 1793 5 771 711;668;620;944;913 2 16
557899 1794 2 953 727;1179 73 10
559256 1795 2 1042 1056;1029 6 18
559424 1796 2 540 592;488 1 4
559437 1797 3 1137 978;1429;1005 47 1
559451 1798 3 979 530;829;1578 2 16
559695 1799 6 885 619;1055;574;1258;1271;533 1 4
559806 1800 12 801 859;699;378;219;1384;291;722;96;1544;1707;1449;266 1 4
559825 1801 11 946 1052;290;735;387;1191;671;901;1362;792;1610;1420 1 4
559958 1802 15 1088 966;1008;1265;971;1188;940;1063;1491;384;1533;1441;903;1066;1243;856 6 18
560136 1803 4 1328 1330;1400;1532;1050 1 4
560290 1804 6 656 785;418;226;1139;801;564 9 16
560308 1805 15 810 66;628;220;1055;600;1494;826;1116;543;1375;879;162;842;1612;725 2 16
560344 1806 3 763 331;897;1061 4 3
562325 1807 1 1340 1340 7 19
562405 1808 4 629 782;240;714;779 1 4
562509 1809 5 1048 1220;409;1538;1358;717 4 3
562562 1810 81 888 1712;308;846;593;1389;1400;649;597;991;1692;688;1516;1206;1295;1202;925;1051;1341;775;274;1349;740;648;564;971;505;656;584;522;886;1412;1164;1201;1003;249;926;1162;1261;1671;805;1055;1668;712;854;846;349;209;505;262;918;1033;541;627;859;1088;935;838;650;1009;1354;892;429;591;1260;1057;392;1186;633;790;757;637;1254;849;409;1172;1136;797;809;506;1083;269 1 4
562968 1811 4 1005 1228;1282;772;737 49 14
563432 1812 1 1023 1023 2 16
563450 1813 2 831 1104;558 1 4
563472 1814 8 778 1617;633;684;836;494;812;750;402 9 16
563491 1815 1 899 899 11 7
563597 1816 30 811 1469;638;475;1058;289;863;973;661;1385;699;481;185;191;1423;1365;888;915;451;1101;1339;1415;699;633;1096;729;477;391;716;586;731 10 17
564386 1817 4 613 636;362;210;1245 276 13
564446 1818 2 1244 876;1611 1 4
564644 1819 2 675 505;845 1 4
565309 1820 6 865 1087;553;1443;383;772;954 3 15
565656 1821 15 813 1487;480;985;1067;986;652;438;1077;1339;770;878;558;105;1010;360 19 6
565958 1822 8 907 978;1179;1373;1089;628;695;398;916 1 4
566038 1823 3 802 695;1115;597 4 3
566164 1824 2 892 331;1453 2 16
566188 1825 3 770 850;907;553 1 4
566279 1826 3 1057 517;1515;1139 5 8
566827 1827 5 882 485;1062;988;750;1123 14 13
566834 1828 3 907 118;1193;1409 3 15
567948 1829 2 542 398;687 5 8
568006 1830 4 860 511;1313;881;733 1 4
568024 1831 5 659 710;283;863;629;809 36 13
568292 1832 2 712 549;876 1 4
568301 1833 16 815 606;857;1284;104;673;1041;1338;283;1009;834;911;562;850;1128;795;762 2 16
568307 1834 4 945 918;908;873;1080 16 11
568343 1835 4 779 1152;527;618;818 2 16
568436 1836 2 1042 1395;689 4 3
568567 1837 5 1124 1574;1597;771;937;743 1 4
568605 1838 1 209 209 22 18
568789 1839 3 632 504;703;689 1 4
569262 1840 2 788 902;674 11 7
569270 1841 4 1057 258;1724;1413;832 42 16
569321 1842 4 682 1085;532;478;634 1 4
569544 1843 3 708 1006;581;537 2 16
569622 1844 4 918 677;865;961;1167 1 4
570095 1845 2 1272 1352;1192 3 15
570152 1846 1 684 684 14 13
570529 1847 2 502 393;611 34 6
570761 1848 1 832 832 3 15
570914 1849 3 708 515;577;1031 6 18
571050 1850 5 714 389;481;1331;538;831 10 17
571089 1851 4 1056 1078;1242;528;1377 59 19
571127 1852 3 718 830;562;761 1 4
571226 1853 2 1272 1110;1434 6 18
571284 1854 8 871 519;1072;621;1253;786;743;581;1391 9 16
571330 1855 2 1008 680;1335 1 4
571484 1856 2 1369 1696;1042 1 4
571747 1857 6 670 763;910;292;709;133;1213 3 15
571765 1858 3 776 639;1060;630 6 18
571955 1859 1 1370 1370 8 9
572199 1860 8 733 248;867;892;991;1327;97;994;449 50 4
572764 1861 13 1015 458;1253;1020;1055;1343;1066;1474;877;888;974;953;1294;540 1 4
572831 1862 1 646 646 76 13
572867 1863 1 1405 1405 25 19
573220 1864 4 1040 1460;1020;1144;534 4 3
573237 1865 2 922 1120;724 226 7
573279 1866 3 1238 1478;1247;989 1 4
573305 1867 3 1172 996;1560;959 1 4
573508 1868 2 564 629;498 60 2
574101 1869 1 1544 1544 1 4
574134 1870 2 1316 1226;1405 1 4
574984 1871 1 973 973 3 15
575061 1872 9 879 947;846;1433;1101;152;796;1332;890;412 3 15
575771 1873 4 994 715;925;1397;938 1 4
576437 1874 30 835 532;193;455;1237;1120;959;604;1062;1184;392;893;1360;920;424;1155;439;137;777;1159;818;798;746;1108;797;805;1071;1174;892;940;887 63 3
576564 1875 2 1070 957;1184 240 11
576695 1876 3 1018 1022;1041;990 1 4
576731 1877 2 785 731;839 1 4
576875 1878 9 856 508;377;935;1074;1167;1223;1507;434;479 1 4
577316 1879 2 914 658;1171 4 3
577668 1880 2 822 1085;560 1 4
577676 1881 1 432 432 6 18
578963 1882 2 997 1282;712 1 4
579085 1883 4 729 813;391;830;881 3 15
579176 1884 7 912 1186;1251;763;1137;801;888;358 1 4
579260 1885 9 948 405;1083;1475;1154;207;1017;1252;868;1074 2 16
579280 1886 2 932 869;996 75 12
579701 1887 4 948 1221;960;389;1224 3 15
579767 1888 6 882 465;1640;580;1114;964;529 2 16
580460 1889 4 911 1193;694;769;988 29 15
580468 1890 3 1055 863;1309;994 8 9
582724 1891 1 1159 1159 2 16
583292 1892 3 665 1318;186;492 16 11
583510 1893 4 715 478;1633;73;675 15 16
584736 1894 2 726 809;644 49 14
586574 1895 4 809 479;630;1217;910 2 16
586924 1896 2 978 1495;461 2 16
587492 1897 25 995 366;455;1380;1043;919;1586;855;1357;1224;821;618;903;544;963;1075;1190;1388;914;908;929;1370;1047;833;1268;917 272 6
587517 1898 3 1283 1249;1342;1259 1 4
587657 1899 5 886 615;912;788;1634;483 3 15
587707 1900 4 1009 1409;447;1386;795 1 4
587749 1901 2 998 625;1371 16 11
588152 1902 7 1066 1254;801;1108;818;1538;1392;554 1 4
588817 1903 7 729 152;880;600;651;1169;589;1064 2 16
588891 1904 7 1115 897;1297;1164;1720;729;918;1077 210 6
589042 1905 15 907 510;581;844;694;1581;450;1113;1569;945;1092;741;1058;1095;523;816 2 16
590457 1906 2 876 992;759 1 4
590626 1907 3 807 925;226;1269 20 16
590823 1908 3 916 964;486;1299 4 3
591138 1909 2 884 1080;688 3 15
591343 1910 3 1006 497;1279;1242 1 4
591420 1911 2 1404 1599;1210 1 4
592069 1912 7 779 954;689;591;1048;320;724;1125 6 18
592195 1913 2 1353 1427;1279 6 18
592571 1914 3 986 1279;1278;402 1 4
592732 1915 5 1118 602;1633;1610;921;825 1 4
592766 1916 1 212 212 54 17
593401 1917 3 1114 819;907;1617 1 4
595817 1918 3 1152 648;1269;1540 2 16
598355 1919 4 566 260;1110;147;746 1 4
598516 1920 7 822 520;588;1034;868;812;839;1092 1 4
598847 1921 7 850 986;1216;988;1181;824;351;404 41 13
598945 1922 2 606 627;585 1 4
599058 1923 4 1085 587;877;1273;1603 96 4
599347 1924 3 1077 1265;530;1435 1 4
602062 1925 5 1001 1420;946;1328;881;430 1 4
602111 1926 2 1268 1389;1148 1 4
603438 1927 4 658 855;384;938;454 2 16
604115 1928 2 790 732;849 116 11
604980 1929 2 1304 1336;1272 144 17
