time jobId jobSize runtime tasks user peer
623 1 5 748 1046;626;475;1120;472 3 2
1061 2 3 809 1014;471;943 7 4
1250 3 5 908 962;1163;218;1030;1166 67 2
6091 4 5 753 435;490;891;1601;350 1 3
6363 5 4 805 1224;747;401;847 1 3
6771 6 11 971 1000;1321;877;1232;1332;774;536;1641;1080;311;578 19 6
7780 7 12 900 1324;1012;223;1213;786;1003;1181;112;1178;499;1341;922 1 3
13198 8 13 960 1309;477;458;484;1181;1087;945;1183;1045;971;1241;1181;919 2 4
13670 9 2 1230 1410;1049 1 3
20167 10 5 1152 304;1509;1515;1094;1340 78 1
20194 11 13 1019 815;967;1582;1336;1074;1669;767;1454;548;346;1163;1216;316 3 2
20214 12 3 964 1081;906;905 1 3
20459 13 2 1242 1427;1057 1 3
20665 14 1 531 531 340 1
20807 15 1 1142 1142 13 1
20818 16 2 988 783;1193 6 5
20840 17 8 764 705;1057;209;572;1175;1006;659;725 2 4
21389 18 3 855 1037;896;632 109 2
21401 19 2 906 1128;683 3 2
21869 20 7 866 858;965;936;1015;825;649;815 9 9
22078 21 5 886 443;1227;1157;919;686 313 1
22198 22 3 420 723;444;93 2 4
22206 23 10 748 61;672;661;709;1414;1194;1165;615;735;252 2 4
22283 24 3 1027 548;1645;889 33 1
22386 25 2 276 333;218 2 4
22419 26 3 1182 534;1709;1304 111 9
22586 27 2 500 290;711 11 1
22794 28 6 996 496;835;1128;1379;1287;850 24 1
22812 29 6 1072 1334;1479;933;1509;765;409 36 3
23270 30 1 420 420 20 4
23397 31 6 1019 732;847;979;1176;1578;802 1 3
23403 32 4 1039 591;1050;1738;776 1 3
23456 33 3 746 461;1348;430 194 9
23470 34 2 1336 1207;1466 46 1
23515 35 2 1113 1117;1109 2 4
23533 36 8 674 1160;854;336;339;634;987;621;463 13 1
23585 37 2 1092 919;1264 17 3
23631 38 2 898 820;977 41 2
23955 39 30 854 1554;1214;738;1002;824;375;1160;467;986;734;731;1037;388;1109;677;976;1056;143;1125;1212;891;71;1017;463;258;958;1184;1470;1012;793 2 4
23962 40 2 1328 1283;1373 2 4
24014 41 13 916 1086;661;1343;790;529;610;947;1416;617;1549;987;137;1230 1 3
24315 42 3 1312 1558;1297;1082 293 9
24473 43 2 804 528;1081 2 4
24544 44 8 735 284;943;1271;1195;583;532;127;942 16 6
24742 45 2 1398 1354;1442 1 3
25237 46 3 755 801;620;845 1 3
25264 47 2 586 567;606 2 4
25536 48 10 797 675;698;1188;1434;186;666;1733;960;205;225 17 3
25621 49 1 1178 1178 18 8
25687 50 4 727 179;675;1022;1032 6 5
25876 51 1 976 976 27 3
25881 52 3 1125 980;1275;1119 2 4
25920 53 4 1086 1191;1156;799;1197 105 3
26035 54 9 753 112;920;921;710;227;1138;849;1377;524 2 4
26094 55 1 883 883 2 4
26126 56 6 982 753;1129;1431;657;1085;836 2 4
26170 57 3 1081 1115;721;1407 15 2
26827 58 4 1110 800;1096;1174;1370 3 2
27294 59 11 961 1683;880;1285;439;1180;1117;116;1056;1024;832;963 346 2
27387 60 6 984 1432;1100;614;927;272;1562 23 3
27470 61 7 733 681;564;1236;797;762;831;257 8 6
27678 62 5 742 101;631;958;610;1412 3 2
27715 63 17 733 233;711;482;1621;876;731;135;484;697;1225;840;1391;490;161;1070;658;664 89 3
27889 64 3 540 721;644;254 205 5
27990 65 4 836 1027;402;1049;868 2 4
28027 66 2 1582 1568;1595 2 4
28383 67 10 931 747;673;1112;1114;931;404;940;1439;884;1068 1 3
28572 68 3 882 218;1434;993 31 7
29544 69 3 773 1294;636;388 1 3
29705 70 2 1244 1315;1173 3 2
29736 71 5 1112 528;1222;1628;1307;877 3 2
29841 72 2 1084 866;1302 50 9
30084 73 3 775 935;704;686 2 4
30167 74 6 910 1095;815;1268;1004;392;887 1 3
30248 75 5 864 739;503;759;824;1493 83 8
30323 76 9 838 1187;896;448;480;669;1164;1204;583;910 2 4
30469 77 2 1014 675;1354 2 4
30476 78 2 1130 719;1542 3 2
30509 79 3 475 83;650;691 148 7
30558 80 3 980 1174;838;927 1 3
30580 81 5 830 990;974;472;1073;642 26 8
30614 82 3 1309 1082;1642;1203 6 5
30864 83 1 875 875 3 2
30932 84 6 758 1274;1370;242;841;252;569 5 7
31021 85 7 848 135;649;494;1327;901;984;1448 326 7
31192 86 10 937 858;1656;1230;806;500;1380;571;1141;792;438 1 3
31294 87 10 822 1156;1103;1115;542;700;1210;417;506;697;770 2 4
31306 88 1 970 970 5 7
31350 89 3 1145 937;1378;1121 3 2
31397 90 4 964 1390;498;1272;697 1 3
31496 91 6 923 424;544;1543;1041;993;993 3 2
31612 92 2 965 890;1040 3 2
32100 93 3 1052 1259;1073;823 1 3
32227 94 3 1102 1419;1706;181 1 3
32398 95 2 940 844;1035 2 4
32562 96 2 1054 1266;841 1 3
32916 97 6 948 1049;847;227;1378;827;1357 1 3
33053 98 18 915 538;322;1392;988;982;455;398;1515;1315;1638;511;1071;553;584;1013;856;1311;1033 6 5
33057 99 2 865 621;1109 185 9
33116 100 2 898 575;1220 1 3
33132 101 6 686 630;146;1210;165;903;1062 51 7
33380 102 5 814 1077;1036;1055;583;321 2 4
33487 103 6 1017 869;1107;1216;728;1536;647 77 4
33625 104 1 1520 1520 3 2
33633 105 5 751 1217;746;832;462;497 4 9
33702 106 3 1295 1036;1541;1309 1 3
34203 107 2 495 137;853 141 5
34325 108 3 773 588;728;1003 22 7
34797 109 5 804 1062;232;746;894;1085 1 3
34810 110 2 1137 1112;1162 2 4
34848 111 5 1015 1093;1004;980;968;1030 27 3
34915 112 38 837 1405;106;1292;1332;616;704;596;248;1340;797;1027;1085;372;1003;633;864;663;540;1134;1230;760;460;1186;640;441;1651;775;425;668;1293;1118;1091;270;409;257;1055;1374;949 1 3
35079 113 14 928 1473;318;1117;967;1232;950;1223;95;1565;767;680;776;981;852 1 3
35142 114 3 845 709;891;935 1 3
35259 115 2 364 205;522 5 7
35365 116 12 865 639;667;964;1063;950;526;1247;159;1166;1323;358;1315 173 8
35421 117 2 442 781;104 3 2
35450 118 15 770 873;858;1186;1093;1002;658;237;757;1198;569;837;550;551;707;480 1 3
35480 119 4 769 663;742;964;707 1 3
35888 120 2 1054 677;1430 7 4
36040 121 9 849 1011;930;1325;935;528;398;1026;591;901 6 5
36051 122 1 1013 1013 2 4
36079 123 5 995 940;1398;580;449;1606 2 4
36182 124 4 776 313;645;1237;911 10 8
36488 125 7 893 1166;885;569;996;1048;495;1090 145 1
36631 126 1 562 562 321 7
36650 127 6 941 1173;885;1407;919;545;715 95 5
37360 128 6 804 1483;1161;866;705;526;82 134 1
37446 129 7 871 1130;564;1071;710;624;1119;879 120 2
37500 130 3 1256 1139;1468;1162 164 1
37642 131 4 1077 1387;535;991;1395 5 7
37745 132 2 606 208;1005 1 3
37787 133 13 780 737;695;711;733;337;500;717;913;1060;420;1570;781;963 1 3
37841 134 2 1076 1153;999 3 2
37889 135 3 775 985;759;581 2 4
38049 136 2 764 899;629 2 4
38114 137 2 1209 1729;689 1 3
38220 138 2 826 857;794 5 7
38255 139 7 889 498;861;1320;544;654;1390;953 1 3
38490 140 18 930 545;883;974;1138;744;973;1446;1035;1071;1585;648;250;786;850;623;1291;437;1470 33 1
38497 141 2 776 658;895 29 9
38655 142 2 1089 1153;1025 11 1
39123 143 3 985 1375;820;761 3 2
39313 144 25 920 898;790;798;1376;1165;1294;412;962;737;1460;1040;1124;913;1635;500;1108;884;467;667;634;496;1199;1314;653;474 9 9
40875 145 2 1058 951;1165 19 6
41037 146 31 885 684;645;1021;659;311;1106;219;550;485;1087;855;701;839;733;870;1155;703;1676;1241;916;977;1157;908;1307;643;1010;873;626;1544;880;1040 12 6
41092 147 1 1072 1072 3 2
41560 148 21 1026 1060;734;1074;765;1191;1336;1645;482;610;1366;1412;695;1269;740;794;1074;1001;1036;569;1193;1501 57 1
41820 149 1 1056 1056 2 4
41845 150 2 1190 740;1641 1 3
42527 151 3 648 1034;407;504 8 6
42566 152 6 797 1351;690;551;1096;675;419 174 7
42580 153 2 842 1089;595 5 7
42612 154 15 996 820;1115;1397;1612;507;569;587;717;657;1158;275;1021;1537;1607;1360 131 6
42621 155 2 846 644;1048 4 9
42659 156 2 574 369;780 149 5
42978 157 3 882 1053;1246;347 327 2
43008 158 10 1032 1112;775;592;902;1546;1696;1032;1373;914;383 8 6
43189 159 6 760 1070;721;1026;374;777;594 3 2
43404 160 2 1536 1384;1689 115 9
43692 161 4 715 347;756;299;1458 1 3
43707 162 2 876 930;821 1 3
43995 163 2 1238 1375;1101 6 5
44118 164 8 762 579;1094;554;931;690;803;827;617 1 3
44426 165 3 1051 632;1290;1232 1 3
44523 166 1 117 117 53 7
44671 167 2 842 627;1058 2 4
44843 168 3 905 308;1427;980 8 6
44852 169 157 879 843;478;684;535;1294;834;523;1562;856;1499;1190;1100;1095;1526;498;535;939;1195;598;1149;576;452;1155;823;782;1430;1155;397;1053;239;262;839;1438;480;1336;1327;487;1299;949;605;389;792;792;621;1330;478;1021;631;1535;610;1245;719;273;1164;894;308;1510;715;1526;1088;430;945;538;888;942;936;1402;361;453;435;1121;275;1367;748;1612;366;651;1033;63;656;522;1409;250;236;1688;759;1032;595;736;957;1418;547;807;180;827;591;905;771;1612;103;490;461;462;1599;861;982;1280;1489;932;494;1193;1076;491;792;1235;1120;1055;102;1536;893;857;1034;598;707;1346;855;947;1030;812;955;938;1204;1000;1527;835;647;1393;824;1356;841;286;683;1007;1318;1624;1654;1136;590;1473;257;686;100;869;938;599;919;736 21 6
44933 170 1 1256 1256 6 5
44971 171 6 824 902;795;1009;451;841;947 1 3
45293 172 1 439 439 19 6
45330 173 2 728 1120;337 236 4
45565 174 1 637 637 57 1
47631 175 8 1002 545;996;936;1219;655;1122;1644;895 124 8
47672 176 2 1524 1566;1481 1 3
47979 177 6 893 1515;1321;210;539;549;1225 3 2
48081 178 1 1465 1465 1 3
48173 179 11 914 632;1196;932;963;1003;458;1588;821;923;690;846 3 2
48211 180 2 812 598;1025 5 7
49583 181 3 1120 663;1129;1567 2 4
51817 182 19 1031 1182;1510;856;774;1445;1315;1036;828;1477;1168;862;877;530;1258;1158;1236;1006;765;314 4 9
52084 183 5 635 674;344;431;942;786 1 3
52090 184 2 1230 1245;1215 109 2
52145 185 2 1254 1384;1124 5 7
52213 186 3 973 584;783;1553 6 5
52269 187 3 574 566;275;882 1 3
52308 188 2 926 803;1050 1 3
52354 189 2 656 627;686 1 3
52603 190 5 881 1100;473;629;1142;1063 2 4
52778 191 20 835 720;775;1087;376;1009;1248;948;777;1012;667;964;580;1683;1510;745;556;247;1067;127;602 1 3
52797 192 4 954 1294;580;969;973 1 3
52899 193 9 990 665;993;1004;772;1037;1254;731;1167;1289 66 9
53300 194 2 1112 977;1247 12 6
54807 195 1 890 890 174 7
54882 196 2 916 767;1066 2 4
54998 197 2 681 699;663 1 3
55204 198 1 1291 1291 6 5
56149 199 3 495 376;468;641 1 3
56165 200 2 1168 1132;1205 2 4
56224 201 2 930 1408;453 37 6
56234 202 2 986 1425;548 1 3
56489 203 1 709 709 1 3
56529 204 2 805 626;984 224 9
57094 205 2 1410 1205;1614 2 4
58153 206 3 904 990;1142;581 1 3
58256 207 1 1593 1593 1 3
58960 208 3 689 146;841;1080 1 3
58991 209 5 1002 1232;1366;622;560;1229 3 2
59171 210 8 727 511;529;1088;1178;582;459;374;1093 2 4
59177 211 16 978 810;1042;797;1007;963;391;1514;557;891;1234;742;731;1095;1285;1333;1254 1 3
59262 212 7 951 781;1261;1185;921;1095;538;878 1 3
59528 213 5 806 644;732;965;334;1355 1 3
59572 214 11 720 657;1507;1169;653;375;633;217;677;682;1076;278 4 9
59780 215 3 849 631;1404;513 236 4
60024 216 2 544 639;449 1 3
60151 217 7 777 611;1497;846;418;216;993;855 1 3
60171 218 2 728 708;749 10 8
60180 219 8 1109 1422;1190;1305;414;1334;1098;1031;1075 3 2
60227 220 5 948 1028;830;658;784;1438 2 4
60248 221 2 1332 1543;1121 1 3
60968 222 4 1033 1300;545;918;1368 122 4
61007 223 23 929 770;867;1637;802;936;267;623;1115;1128;1152;64;1284;1232;126;634;786;941;1436;1015;918;1059;1480;1085 1 3
61055 224 2 1015 715;1315 3 2
61060 225 15 733 602;1228;284;1105;1056;258;701;775;1278;438;141;861;322;801;1138 7 4
61077 226 2 689 775;603 53 7
61128 227 4 1062 971;1253;768;1255 90 1
61137 228 17 766 890;772;776;1197;740;363;1201;950;831;209;340;593;1274;593;661;832;798 2 4
61151 229 2 771 710;832 164 1
61223 230 2 1098 1217;979 4 9
61352 231 2 983 858;1108 2 4
61668 232 2 621 950;292 2 4
61736 233 8 982 885;999;591;1121;1342;1176;986;756 1 3
61890 234 7 979 1016;786;621;1610;1101;823;895 215 2
61914 235 3 1030 941;1630;519 1 3
61950 236 2 967 1026;908 1 3
62005 237 6 935 788;1330;685;389;1147;1272 1 3
62034 238 18 980 1087;976;619;1578;652;937;741;1725;1306;1585;878;277;572;1085;1533;663;1220;206 1 3
63466 239 2 1152 1350;953 3 2
63499 240 2 660 870;449 1 3
63947 241 2 486 372;600 2 4
63965 242 6 670 440;764;1041;357;881;540 16 6
64006 243 5 1091 590;1463;1356;1289;755 33 1
64229 244 3 1117 842;802;1707 1 3
64297 245 15 725 537;153;745;640;1065;531;164;1091;352;1186;620;361;793;1575;1056 159 1
64703 246 2 463 690;236 1 3
64743 247 5 787 848;548;696;615;1227 1 3
64855 248 14 815 670;412;63;835;542;760;918;1393;503;1426;903;726;1342;923 56 9
65305 249 5 1190 1284;955;1030;1192;1491 4 9
65769 250 2 496 879;112 8 6
66025 251 5 952 1263;1072;1443;139;843 1 3
66326 252 16 1024 1362;1245;783;918;1221;845;1598;1092;1085;1222;1349;1194;661;953;405;456 18 8
68058 253 2 1176 1065;1287 1 3
68311 254 11 975 768;1406;224;783;462;1527;788;1418;1196;802;1353 1 3
68392 255 5 969 949;884;802;853;1357 1 3
69207 256 4 835 906;705;784;946 29 9
69291 257 6 992 1060;805;825;427;1103;1730 7 4
69300 258 2 715 791;639 8 6
69338 259 4 735 662;462;949;866 2 4
70266 260 3 730 843;202;1146 3 2
70276 261 6 742 753;424;1394;728;823;330 46 1
70471 262 7 1054 1567;1169;1209;1478;780;268;908 1 3
70525 263 5 1001 1136;1714;888;652;615 2 4
70680 264 2 856 1306;405 1 3
70734 265 3 970 1312;716;881 2 4
70801 266 2 548 397;698 330 8
71045 267 4 814 918;1366;856;118 9 9
71068 268 11 841 468;891;1248;568;907;702;820;940;514;670;1528 3 2
71815 269 4 896 882;957;1057;690 26 8
71969 270 1 993 993 14 6
72006 271 2 868 837;899 11 1
72042 272 14 962 1180;1086;1164;373;1253;742;651;1448;1376;1063;872;649;1360;255 44 9
73932 273 2 974 1024;924 14 6
74157 274 1 1161 1161 1 3
74237 275 4 553 755;174;1139;145 28 8
74290 276 5 1005 670;554;1526;1396;877 1 3
74613 277 23 850 1227;409;1373;1011;579;964;818;876;915;1467;1263;693;395;626;749;1126;535;354;1030;1084;986;926;152 1 3
75214 278 2 768 1090;447 3 2
78263 279 18 981 484;781;1216;616;1220;979;1414;879;1491;1084;501;1035;1182;481;1631;900;1155;611 25 7
79156 280 2 1117 1187;1047 1 3
79249 281 2 1075 1513;637 3 2
79328 282 7 850 969;833;316;1196;514;1220;905 1 3
80130 283 3 955 877;1093;896 1 3
80396 284 3 910 1088;544;1098 1 3
80496 285 3 868 881;972;750 6 5
80546 286 2 1129 600;1658 1 3
80772 287 42 869 1069;883;1293;623;65;862;1524;1126;736;819;784;1466;1210;852;1509;816;1150;191;989;1593;1081;508;631;749;784;523;152;910;952;704;917;535;971;428;746;1171;337;898;776;1654;700;804 224 9
81117 288 5 1034 1089;796;1150;1417;720 7 4
81132 289 1 1127 1127 3 2
83877 290 2 816 457;1174 2 4
91925 291 5 904 435;997;580;1284;1226 366 2
