time jobId jobSize runtime tasks user peer
149 1 15 744 291;809;947;271;957;507;1087;107;1277;639;470;1260;340;1186;1015 2 6
2726 2 2 603 246;960 2 6
9364 3 10 672 223;1050;511;467;322;1112;1399;136;622;881 1 2
10959 4 1 501 501 82 2
11457 5 1 859 859 24 6
13899 6 3 940 1253;1105;463 1 2
14900 7 6 695 1000;109;1013;1037;491;519 2 6
19327 8 3 948 947;784;1112 3 4
19368 9 4 923 929;1267;637;860 3 4
19370 10 4 936 465;700;1106;1471 26 7
19428 11 6 619 673;1286;242;496;867;150 3 4
19618 12 19 999 1000;1038;926;943;994;822;1344;1395;928;542;710;505;1081;1161;823;1273;1291;1284;922 3 4
20548 13 8 880 558;1480;652;1292;568;822;1162;505 30 8
20602 14 1 514 514 1 2
20645 15 7 816 926;416;623;1136;948;946;719 101 8
20667 16 4 938 361;706;1546;1139 5 1
21145 17 2 886 1426;347 1 2
21265 18 7 1073 882;1384;943;1080;999;1031;1195 1 2
21314 19 11 878 296;931;1612;998;367;655;782;1292;553;744;1427 204 1
21325 20 9 724 651;255;1176;711;1008;723;556;675;760 4 4
21451 21 4 1080 991;1423;1045;862 1 2
22222 22 4 1314 1013;1509;1075;1658 2 6
22339 23 1 1579 1579 4 4
22684 24 5 1015 844;1017;1085;1179;952 22 2
22744 25 7 906 523;1113;1310;1070;638;576;1113 1 2
23467 26 1 367 367 76 5
23479 27 2 954 937;970 1 2
23771 28 1 1658 1658 278 7
23838 29 8 886 979;435;895;1556;608;529;1298;789 1 2
23871 30 2 1141 836;1446 2 6
24022 31 3 757 1416;615;240 46 3
24148 32 5 965 935;946;753;817;1376 6 2
24371 33 2 1072 961;1182 1 2
24381 34 2 982 436;1527 2 6
24687 35 6 1141 1275;1670;1272;883;1177;570 3 4
24707 36 2 842 1118;565 2 6
24781 37 5 980 1383;490;1275;637;1115 14 9
24908 38 2 1068 850;1285 2 6
24932 39 4 829 356;843;1458;660 8 5
24957 40 2 1023 414;1632 13 5
25069 41 1 1139 1139 1 2
25078 42 2 780 546;1014 13 5
25091 43 2 283 194;372 4 4
25102 44 4 994 1120;607;1007;1242 1 2
25183 45 30 830 1177;741;459;526;391;720;683;648;997;371;1434;681;775;1365;573;946;1273;1202;747;1021;824;263;1105;489;812;905;437;954;1586;785 102 1
25368 46 5 924 734;1327;737;840;982 1 2
25662 47 8 948 1462;957;806;411;583;1025;834;1508 3 4
25840 48 1 718 718 1 2
26207 49 12 812 993;1654;795;905;785;364;464;1144;454;804;982;398 2 6
26312 50 3 1035 699;995;1411 1 2
26319 51 3 1237 1246;1508;958 1 2
26366 52 5 654 738;300;517;528;1185 3 4
26379 53 2 432 347;517 1 2
26744 54 6 900 1133;537;1547;1222;827;132 1 2
26762 55 4 959 897;485;1270;1184 6 2
26903 56 2 1306 1016;1595 24 6
26907 57 11 942 821;1040;564;605;976;984;1134;1327;881;1082;950 14 9
26955 58 2 1233 1665;801 1 2
27399 59 10 1046 1659;926;1495;618;422;1000;971;1140;1427;805 263 8
27491 60 3 761 1002;412;870 150 6
27521 61 8 1053 945;1187;859;1245;688;1436;1110;953 1 2
27707 62 1 1316 1316 2 6
27887 63 3 623 678;714;478 1 2
27992 64 8 818 768;629;588;758;867;1500;754;684 1 2
28520 65 1 1233 1233 1 2
28787 66 4 969 1671;212;1124;870 4 4
28803 67 1 1501 1501 9 4
29004 68 4 996 1713;301;1473;496 2 6
29014 69 7 994 1043;1044;1018;1072;1208;1183;389 7 3
29697 70 3 1152 612;1603;1241 3 4
29776 71 1 823 823 2 6
29853 72 5 1066 1595;1130;442;1441;724 2 6
29923 73 7 1056 1494;865;1107;971;920;985;1052 362 2
29940 74 2 783 301;1265 7 3
30410 75 2 947 1012;882 88 7
30465 76 2 496 332;661 58 9
30477 77 2 960 818;1103 7 3
30584 78 4 939 1731;555;1104;366 3 4
30647 79 5 1246 808;1089;1614;1129;1588 2 6
30935 80 2 795 677;913 5 1
31042 81 3 653 280;678;1002 4 4
31095 82 4 1072 1081;433;1585;1189 6 2
31216 83 3 960 926;1199;755 3 4
31394 84 14 926 552;1394;1408;567;317;1620;1350;877;852;1434;422;784;550;833 1 2
31667 85 2 896 934;857 3 4
31680 86 1 201 201 2 6
31734 87 16 949 663;1183;920;658;1542;1228;888;1150;427;1689;728;1042;445;1173;726;726 10 8
32199 88 11 751 746;462;723;1297;267;1311;611;807;129;756;1156 4 4
32223 89 6 868 1446;419;534;569;1393;849 1 2
32550 90 8 990 1338;1100;578;384;1200;1319;648;1353 1 2
32638 91 3 973 712;1431;775 5 1
32934 92 3 895 689;1102;893 1 2
33101 93 1 908 908 150 6
33232 94 5 592 452;670;511;864;464 3 4
33360 95 11 734 612;503;364;551;1042;299;1256;1169;742;525;1007 62 8
33418 96 2 960 844;1077 3 4
33543 97 8 1125 1114;1637;983;1613;530;354;1127;1643 10 8
33568 98 5 1064 1313;292;1412;816;1488 2 6
33804 99 4 896 998;1122;935;531 4 4
33932 100 2 1274 1735;812 69 9
34426 101 8 831 932;1174;965;762;837;80;1568;333 48 9
34453 102 2 472 739;206 6 2
34564 103 5 1009 1328;1402;1153;357;804 3 4
34595 104 2 1046 1700;391 2 6
34743 105 2 760 232;1289 3 4
34784 106 1 746 746 1 2
34926 107 1 679 679 2 6
34933 108 1 598 598 1 2
35013 109 5 930 637;755;1193;1012;1051 1 2
35570 110 5 1058 1071;1193;536;1545;947 22 2
35577 111 8 718 681;859;947;341;873;839;859;342 1 2
35826 112 9 1004 807;1123;508;911;939;1229;953;1163;1399 1 2
35919 113 1 493 493 1 2
36120 114 4 835 573;955;812;1001 1 2
36222 115 14 734 323;429;794;718;813;512;1153;298;835;965;463;1252;746;980 1 2
36501 116 6 990 1341;1214;441;1238;718;989 1 2
36740 117 8 1151 567;1082;1194;805;1285;1549;1271;1452 8 5
36743 118 4 1138 1608;735;903;1306 359 1
36969 119 5 811 896;354;551;1702;551 237 9
37081 120 3 1165 1014;1365;1115 4 4
37150 121 15 936 861;711;1178;661;1687;558;654;1317;1004;807;1415;655;612;1105;809 2 6
37250 122 8 1072 1477;1192;1704;180;1004;535;844;1639 8 5
38223 123 7 896 1103;512;511;894;975;1377;899 1 2
38260 124 4 930 486;1359;1032;843 1 2
38562 125 3 1163 1250;779;1460 96 6
38586 126 3 878 732;1702;201 1 2
38667 127 18 846 656;1183;1503;1377;711;945;1366;904;467;164;715;774;1026;932;617;667;637;585 1 2
38676 128 4 1190 1095;1110;1623;932 1 2
38694 129 2 770 667;873 1 2
38743 130 3 1044 1501;518;1114 8 5
38774 131 5 972 878;1263;874;601;1242 2 6
38808 132 4 943 1039;1540;767;425 3 4
39113 133 3 900 1455;753;492 21 2
39245 134 4 924 1264;259;765;1408 13 5
39299 135 5 954 480;891;955;1620;824 1 2
39366 136 7 1042 843;1627;559;759;956;1313;1240 1 2
39381 137 2 691 737;645 322 4
39494 138 1 982 982 4 4
39513 139 1 309 309 12 6
39628 140 2 706 568;844 33 2
39657 141 3 562 552;842;293 2 6
39665 142 21 990 1507;867;1266;386;1173;753;472;423;1245;751;1233;933;827;1191;672;835;1051;1478;1663;1034;1040 1 2
40231 143 6 908 943;1200;996;599;961;748 1 2
40287 144 2 1146 1295;996 1 2
40390 145 2 774 664;883 3 4
40712 146 3 789 842;748;777 96 6
40806 147 3 737 680;728;802 13 5
40994 148 1 190 190 5 1
41011 149 9 1095 1230;582;1705;1200;990;584;1198;1302;1066 2 6
41073 150 2 652 67;1238 3 4
41087 151 3 1175 1227;1694;603 1 2
41105 152 2 1196 1277;1114 5 1
41492 153 8 850 753;975;1026;925;1155;648;351;963 1 2
41791 154 4 691 703;1045;486;531 25 9
41814 155 3 892 356;1326;994 1 2
41855 156 3 1099 986;631;1680 58 9
42343 157 2 944 609;1280 2 6
42507 158 2 631 427;835 13 5
43050 159 1 905 905 22 2
43184 160 7 1089 272;1493;1502;1181;1706;883;583 10 8
43368 161 4 956 1412;764;1031;615 1 2
43377 162 5 821 898;1173;1099;442;491 1 2
43459 163 14 834 858;600;676;1130;560;1080;534;926;1653;1407;1181;368;385;313 1 2
43615 164 24 812 226;683;811;211;1209;761;1072;953;565;799;355;694;1611;227;1566;871;1408;1146;444;892;1170;425;1215;176 2 6
43703 165 1 1275 1275 2 6
43799 166 4 1289 718;1372;1636;1431 7 3
43832 167 8 1035 952;857;1632;1181;345;686;1281;1344 3 4
44062 168 4 764 983;760;1095;220 1 2
44080 169 3 922 90;1046;1631 2 6
44159 170 23 998 361;1396;960;914;1108;1697;992;1002;1140;1317;675;934;1496;504;692;1001;731;1201;1343;908;303;1557;711 11 2
44220 171 3 1236 929;1624;1156 29 3
44322 172 6 692 671;103;845;660;478;1394 36 7
44424 173 17 774 1122;851;730;1328;980;181;934;253;492;195;930;841;883;1159;649;624;1007 1 2
44820 174 3 752 892;511;852 3 4
45593 175 7 865 616;726;974;653;1032;793;1263 1 2
45806 176 3 825 255;926;1294 1 2
45896 177 2 804 1000;607 3 4
46503 178 2 622 413;832 1 2
46650 179 4 1101 921;1096;1088;1300 30 8
46693 180 8 1039 1127;878;925;554;1585;601;1449;1193 5 1
46748 181 2 1004 943;1064 149 9
47323 182 4 694 932;1036;699;108 3 4
47424 183 4 1056 1628;836;827;935 26 7
47467 184 1 1007 1007 1 2
47544 185 1 959 959 55 7
47603 186 3 883 942;968;739 28 8
47686 187 5 968 1272;961;223;1475;909 1 2
48277 188 7 1000 703;916;1317;1083;1119;1065;794 5 1
48293 189 2 1260 1109;1410 3 4
48355 190 1 374 374 85 4
48454 191 6 930 1022;328;1312;480;822;1616 7 3
48463 192 23 854 961;918;1260;536;337;855;1033;243;1404;248;464;874;1285;371;1063;660;836;328;1646;1480;1152;883;815 13 5
48502 193 10 1027 1167;1587;544;1044;1551;962;1002;1015;577;822 6 2
48971 194 2 1033 1247;819 1 2
49040 195 1 543 543 3 4
49171 196 2 1059 1259;859 15 7
50106 197 3 1083 976;1241;1031 1 2
51281 198 3 945 1259;295;1282 6 2
51287 199 2 830 723;936 1 2
51307 200 2 828 414;1243 1 2
51903 201 3 1166 1225;1174;1100 16 8
52952 202 2 1060 1637;484 157 9
52978 203 12 963 1271;571;886;747;1158;493;575;854;1615;1005;1544;835 2 6
53301 204 2 784 862;705 2 6
53632 205 8 679 433;767;488;566;831;817;665;865 1 2
53970 206 4 961 1036;610;830;1369 59 8
54103 207 10 1029 962;507;1558;641;1178;967;1367;1252;596;1263 4 4
54146 208 4 1019 1232;990;1430;424 2 6
54187 209 7 966 894;502;1293;1484;484;1014;1091 2 6
54308 210 12 737 509;968;542;784;906;799;1371;1050;397;678;68;774 2 6
54384 211 2 1329 1168;1490 32 3
54485 212 1 1119 1119 116 4
54800 213 7 884 1095;849;774;521;433;1560;958 5 1
55146 214 15 999 538;1354;1211;679;513;1638;779;702;1077;1460;920;800;537;1360;1420 1 2
55375 215 7 1037 925;1360;1434;965;707;1516;354 1 2
55860 216 3 717 453;686;1012 1 2
56288 217 4 644 654;892;508;523 6 2
56506 218 8 899 1116;488;703;1699;179;1052;1258;695 1 2
57220 219 7 692 779;1031;1249;452;557;432;346 16 8
57460 220 23 908 444;1326;773;789;935;259;1168;621;642;887;736;591;1508;1591;1077;1502;341;924;1297;195;985;1097;1203 29 3
57569 221 1 116 116 31 9
57947 222 5 820 523;1074;599;1210;693 231 2
58292 223 3 871 1054;648;910 7 3
58376 224 2 942 1538;347 1 2
58478 225 1 736 736 27 3
58780 226 2 1066 1568;565 9 4
58910 227 3 838 751;905;859 3 4
59188 228 1 818 818 37 8
59215 229 5 1103 1432;721;910;998;1452 1 2
59399 230 1 1675 1675 1 2
60892 231 6 856 1413;581;1109;479;602;952 1 2
63113 232 5 935 610;876;1133;1356;698 219 2
63245 233 2 326 235;417 3 4
63531 234 15 987 1499;1312;923;924;757;625;1166;949;1299;830;987;470;1177;964;923 40 1
63557 235 2 494 478;511 1 2
63698 236 19 906 385;1241;434;1119;708;482;734;1220;1070;1002;1630;778;1285;901;777;1180;326;327;1618 2 6
63772 237 1 780 780 1 2
64762 238 6 793 207;1162;401;1086;1182;718 8 5
64820 239 5 872 985;581;1053;501;1238 8 5
64922 240 4 1354 1418;1521;1240;1237 11 2
65420 241 5 1057 1074;1113;373;1442;1283 2 6
66992 242 4 1154 1266;1190;1079;1083 1 2
67070 243 2 480 841;118 20 8
68295 244 11 804 766;1324;100;1402;1031;692;1296;269;271;437;1257 1 2
69291 245 1 1155 1155 9 4
69398 246 2 924 478;1369 40 1
69554 247 17 942 1249;1081;735;517;941;1466;1604;1384;906;1380;312;1246;763;688;986;458;293 61 2
69981 248 1 1357 1357 88 7
70202 249 3 472 560;422;435 1 2
70266 250 2 1256 929;1583 2 6
71328 251 6 1075 1581;1442;403;659;1345;1020 69 9
71372 252 3 1061 1392;465;1325 1 2
72258 253 5 1081 1179;398;1332;1043;1454 3 4
72442 254 3 764 506;864;922 1 2
72482 255 5 746 606;719;1066;238;1103 63 2
72519 256 32 899 575;1530;388;292;1151;408;1040;879;442;846;551;617;1529;840;1523;1262;910;725;1362;1246;931;518;522;1396;1054;852;1407;350;1083;1182;982;360 6 2
72570 257 2 684 614;753 1 2
73285 258 1 1089 1089 2 6
73794 259 14 994 781;303;894;1455;1269;819;1260;1650;535;618;1033;1031;1388;874 15 7
74178 260 5 851 1037;125;1303;1649;139 5 1
74408 261 2 888 641;1134 12 6
79283 262 3 641 531;902;491 5 1
79299 263 10 797 1285;578;851;650;310;699;1349;917;241;1094 5 1
79462 264 4 504 684;683;531;117 1 2
79641 265 5 898 760;702;1050;1192;784 1 2
79741 266 1 507 507 1 2
79910 267 3 1058 919;1404;851 200 1
80425 268 2 1108 1639;576 25 9
80736 269 3 248 370;113;261 1 2
80978 270 1 484 484 3 4
81122 271 3 1062 744;1674;769 1 2
81184 272 1 890 890 10 8
81245 273 10 908 1112;681;1070;653;1131;966;900;1551;741;270 1 2
82175 274 7 855 975;1183;550;1238;140;1575;324 155 5
83783 275 2 1070 1157;982 9 4
83916 276 3 1462 1583;1674;1128 1 2
84039 277 1 1046 1046 1 2
88595 278 1 1567 1567 3 4
93628 279 6 646 1298;177;1037;408;646;310 95 5
95461 280 14 925 557;762;1718;914;1562;571;1347;342;1328;221;807;100;1421;1296 1 2
95635 281 8 873 988;898;280;1172;740;1213;1156;539 1 2
96205 282 5 829 651;993;461;1083;957 2 6
97568 283 2 1329 1479;1179 351 8
98034 284 2 1304 1033;1574 2 6
98205 285 3 751 1202;563;488 5 1
102110 286 3 825 473;1005;996 2 6
102995 287 1 237 237 56 5
114506 288 9 1104 1619;653;922;694;1287;843;1092;1643;1179 1 2
114557 289 3 897 835;451;1406 1 2
114674 290 7 835 878;810;1165;1204;545;206;1038 7 3
114727 291 4 734 426;1020;817;673 44 8
114803 292 2 732 709;755 270 4
114827 293 7 1016 834;1156;683;1247;858;1124;1210 2 6
115040 294 7 786 1055;863;1116;859;255;904;453 1 2
115246 295 4 781 388;1132;1077;528 1 2
115315 296 6 1102 1198;809;1301;826;742;1738 2 6
115369 297 5 767 437;1105;646;586;1062 18 5
115441 298 2 398 266;530 17 4
115615 299 30 854 1383;1707;996;916;1226;1005;845;557;71;453;1356;436;595;837;1071;1135;791;430;1249;851;726;824;1239;844;713;670;419;657;141;1465 5 1
115665 300 6 770 685;488;455;657;1087;1250 2 6
115766 301 6 904 794;1098;590;1150;1129;663 43 3
115833 302 8 670 415;1186;1138;217;659;503;491;754 5 1
116101 303 2 880 243;1516 1 2
116860 304 2 811 553;1069 2 6
116866 305 5 794 914;1588;714;659;94 4 4
116870 306 3 837 1271;839;402 8 5
116959 307 6 871 1108;277;935;1486;770;648 1 2
117048 308 42 828 73;875;1163;990;252;518;1474;275;1513;1140;1502;1342;1134;228;1371;1005;908;373;796;1009;773;567;206;268;438;768;409;815;1257;765;1518;1324;587;1263;174;958;316;654;1217;1118;763;687 2 6
117072 309 7 891 814;1092;522;774;782;1647;609 3 4
117092 310 2 1059 1598;520 1 2
117238 311 3 521 425;638;499 16 8
117345 312 2 720 713;727 1 2
117357 313 7 888 1055;854;861;700;592;1492;661 9 4
117405 314 2 1049 1059;1039 157 9
117408 315 2 674 129;1220 8 5
117615 316 11 843 319;988;1595;1118;555;970;414;1023;508;1216;562 118 5
117865 317 2 954 1225;683 2 6
118634 318 2 856 403;1308 1 2
118666 319 2 1244 1159;1330 1 2
118735 320 2 992 813;1172 84 5
118744 321 2 904 1291;516 1 2
118770 322 2 1304 1687;920 6 2
118838 323 9 727 987;523;775;792;1518;206;878;663;201 203 3
118861 324 1 994 994 2 6
119931 325 2 808 251;1366 97 8
119994 326 3 920 625;1405;729 1 2
120458 327 5 790 1124;529;648;809;842 24 6
120501 328 6 1163 1350;983;1129;1579;742;1194 9 4
120672 329 2 644 478;811 1 2
121344 330 4 1194 1595;797;854;1531 2 6
121358 331 2 934 1229;639 22 2
121663 332 5 879 119;1689;1435;231;920 3 4
121923 333 7 764 832;977;775;678;216;994;876 29 3
122327 334 3 874 1286;1084;251 1 2
122350 335 3 937 579;1145;1086 1 2
122556 336 2 1092 1204;979 1 2
122638 337 2 1098 969;1226 17 4
123060 338 6 1134 1695;1405;1328;377;500;1502 4 4
123120 339 4 982 124;1184;1619;999 11 2
123121 340 2 618 168;1067 16 8
123147 341 2 1024 1054;995 72 1
123315 342 11 945 1647;1521;257;664;1330;1155;111;936;1490;617;669 79 5
123348 343 10 1005 813;1447;1478;701;901;382;994;851;1181;1302 10 8
123387 344 8 797 438;1116;872;589;602;796;1192;768 263 8
123431 345 3 718 706;761;687 8 5
123497 346 2 916 945;887 2 6
123644 347 4 1188 909;788;1597;1457 39 3
124473 348 3 659 838;127;1013 170 6
124609 349 9 917 1250;983;233;902;1170;869;411;1670;768 164 7
124966 350 1 971 971 1 2
125196 351 1 423 423 9 4
125200 352 7 1030 1323;1000;681;773;1506;1026;900 2 6
125364 353 1 703 703 1 2
125393 354 6 901 856;713;1073;1132;1139;492 1 2
125706 355 5 817 912;530;819;1231;593 5 1
125707 356 2 1384 1122;1645 1 2
125824 357 2 646 524;767 2 6
125906 358 2 512 381;642 1 2
126017 359 5 1225 1298;1289;938;1198;1404 21 2
126131 360 1 711 711 1 2
126147 361 2 368 241;494 3 4
126221 362 2 1269 1069;1469 235 2
126231 363 5 858 1206;703;1206;596;577 270 4
126292 364 2 598 591;604 4 4
126557 365 4 1020 680;757;1270;1373 18 5
126565 366 6 908 1581;965;417;841;822;825 3 4
126918 367 2 784 336;1232 42 3
126991 368 2 886 854;917 1 2
127024 369 2 787 655;919 32 3
127144 370 4 921 766;1473;1045;401 5 1
127476 371 6 1126 987;1017;1038;1091;1635;991 221 8
127490 372 3 987 481;923;1557 3 4
127497 373 5 807 683;848;893;1224;385 1 2
127816 374 4 626 308;788;688;718 10 8
127912 375 4 1228 1483;844;1272;1313 1 2
127925 376 8 785 528;905;347;1144;1194;730;642;788 30 8
127963 377 7 696 746;509;659;673;938;171;1173 321 7
128304 378 11 741 679;969;687;331;333;847;591;175;974;1258;1308 4 4
128402 379 2 1144 683;1605 17 4
128425 380 1 799 799 204 1
128446 381 5 982 852;847;925;706;1580 20 8
128510 382 1 1224 1224 53 4
128540 383 2 789 1222;356 3 4
128636 384 7 724 674;1054;752;318;415;1005;852 1 2
128834 385 1 705 705 4 4
128869 386 6 951 937;1131;1161;713;688;1078 8 5
128972 387 1 571 571 6 2
129027 388 7 947 834;927;339;1397;1143;908;1078 2 6
129135 389 4 829 755;591;855;1115 7 3
129177 390 2 777 638;916 2 6
129238 391 1 1015 1015 1 2
129331 392 6 873 1267;873;299;896;1285;616 1 2
129633 393 5 957 1088;837;1357;568;933 1 2
129642 394 3 1113 841;1553;946 18 5
129846 395 4 600 673;170;239;1318 1 2
130538 396 4 747 660;736;1134;458 5 1
130917 397 2 512 361;664 1 2
130945 398 3 1285 1326;1308;1220 15 7
130994 399 6 897 833;802;864;1197;1191;493 67 9
132453 400 3 430 294;371;626 25 9
132569 401 4 1081 968;1287;724;1345 1 2
132580 402 3 1038 803;1326;984 13 5
132668 403 4 582 234;613;861;618 1 2
132730 404 4 703 1227;806;176;603 2 6
132800 405 3 911 608;1320;806 3 4
132959 406 4 980 956;727;1257;981 6 2
132963 407 12 829 832;874;818;563;1385;936;1484;277;636;971;824;343 85 4
133005 408 1 781 781 4 4
133119 409 4 1028 925;1164;1267;757 1 2
133337 410 2 458 744;171 57 7
133362 411 3 900 1730;143;827 6 2
133374 412 2 614 805;422 2 6
133723 413 3 799 1277;548;573 1 2
133990 414 11 745 750;653;1148;623;586;1363;906;557;722;675;214 1 2
134218 415 5 692 1118;715;575;689;364 1 2
134593 416 8 1042 1010;512;1130;1461;537;1404;1217;1065 3 4
134665 417 3 965 704;1082;1110 2 6
134678 418 19 893 309;411;915;922;897;1080;375;1449;1498;750;1034;456;537;1285;676;954;1123;781;1506 23 7
134867 419 3 1030 862;1050;1179 1 2
135211 420 49 927 957;1094;930;1530;1128;1100;974;754;780;179;655;415;1431;1184;599;1338;761;659;1138;245;263;642;1301;823;615;935;1397;866;915;608;850;810;914;1164;1017;632;1477;1126;895;719;1416;1151;850;1727;963;524;677;833;1477 1 2
135243 421 2 919 1242;596 3 4
135271 422 3 1058 959;1557;657 4 4
135419 423 4 1057 1511;1027;944;746 1 2
135424 424 21 956 824;1515;879;275;430;666;681;1445;1231;1135;842;774;1433;1107;420;736;1293;1191;1245;710;1238 5 1
135441 425 4 832 1035;669;561;1061 7 3
135557 426 5 840 1023;637;897;641;1000 11 2
135582 427 7 984 1488;1240;1186;950;753;593;679 99 2
135923 428 5 865 612;1421;947;477;866 3 4
135938 429 4 928 831;1006;1558;316 25 9
135965 430 4 914 823;654;1439;742 5 1
136011 431 4 805 583;1441;998;198 2 6
136057 432 6 829 502;636;988;313;938;1597 106 1
136668 433 7 681 794;281;1040;705;632;786;531 3 4
137084 434 3 907 975;1190;557 12 6
137463 435 2 1323 1348;1298 16 8
137475 436 9 985 1094;770;1003;945;1440;229;1024;1645;719 1 2
137767 437 4 574 869;652;507;268 6 2
137851 438 3 903 599;731;1378 2 6
137865 439 4 1056 895;1038;1114;1179 6 2
137944 440 2 968 699;1238 12 6
137966 441 2 626 462;790 1 2
138010 442 3 961 923;1375;586 57 7
138185 443 15 934 806;1420;1155;637;795;424;1030;827;554;1101;1131;1060;496;874;1700 10 8
138256 444 5 594 497;821;476;917;257 91 9
138318 445 4 960 518;668;1111;1544 1 2
138376 446 5 785 432;1450;633;767;645 10 8
138543 447 3 959 775;1137;966 1 2
138894 448 6 928 647;1031;833;995;1558;506 4 4
139031 449 1 415 415 1 2
139154 450 1 1109 1109 3 4
139172 451 2 1056 1346;766 25 9
140722 452 4 974 1037;712;1168;981 8 5
141170 453 9 1173 576;1165;1339;664;1160;1560;1431;1167;1492 9 4
141180 454 2 938 1198;677 1 2
141377 455 3 930 1317;1198;275 2 6
141825 456 3 1064 761;976;1456 11 2
141842 457 2 904 1007;801 180 2
142154 458 9 945 1304;472;1506;411;771;494;1023;981;1543 12 6
142706 459 2 913 1020;806 1 2
143200 460 2 888 1117;660 127 1
143693 461 2 979 1161;797 1 2
144415 462 2 1010 829;1190 5 1
145027 463 6 870 433;755;1418;950;944;720 1 2
145049 464 8 932 433;1162;1339;1538;535;863;449;1140 3 4
145126 465 2 1072 1228;915 4 4
145143 466 2 592 390;795 14 9
145489 467 3 811 1223;616;595 6 2
145569 468 1 837 837 16 8
145632 469 18 951 504;1422;999;680;1141;764;805;1353;834;1360;823;380;756;1371;635;1326;700;1269 36 7
146149 470 3 914 696;1169;876 4 4
146257 471 7 879 1005;486;1410;1318;904;339;692 4 4
146403 472 2 1068 925;1211 1 2
146406 473 3 1331 1352;1526;1114 1 2
146910 474 2 814 1116;513 1 2
146923 475 3 1128 494;1467;1423 7 3
146975 476 3 1013 1045;1057;937 32 3
148467 477 2 999 775;1223 4 4
148594 478 5 847 678;792;887;445;1434 367 1
148663 479 2 1012 786;1237 2 6
148911 480 2 839 869;809 15 7
149309 481 5 1086 1196;1260;1379;1050;543 1 2
149440 482 27 801 667;547;1204;480;817;1044;1609;999;382;848;212;322;543;1450;608;238;1012;739;72;1408;940;450;977;1247;1422;291;1096 62 8
149529 483 2 444 200;687 4 4
149627 484 2 900 1146;655 82 2
149676 485 3 909 302;1274;1151 17 4
149700 486 2 966 882;1050 2 6
149723 487 12 967 1119;523;821;712;1219;240;974;1615;918;1680;952;832 1 2
150598 488 5 1043 892;1303;799;1024;1199 1 2
150748 489 1 1439 1439 10 8
150879 490 3 828 842;1401;242 2 6
151202 491 7 953 895;739;1203;1167;581;1159;926 1 2
151368 492 3 755 1186;766;313 1 2
151384 493 5 849 628;1447;753;749;670 7 3
151553 494 6 892 1606;536;915;1087;894;312 3 4
151722 495 1 1095 1095 120 2
151944 496 5 1042 963;861;817;1096;1474 11 2
152011 497 1 490 490 365 1
152189 498 2 646 103;1189 50 7
152427 499 2 370 204;536 1 2
152445 500 5 952 629;1149;896;514;1572 5 1
154354 501 2 1514 1714;1314 1 2
154720 502 3 727 439;654;1087 8 5
154943 503 8 836 542;893;1130;1047;714;549;468;1341 1 2
155444 504 6 1059 1021;697;1286;1232;907;1209 32 3
155803 505 2 1030 1181;880 4 4
156286 506 2 1150 1085;1214 299 9
157983 507 1 992 992 1 2
157998 508 2 878 1058;699 2 6
158445 509 8 987 1096;989;878;183;1582;855;1171;1142 4 4
158458 510 5 943 1136;437;1201;1331;609 2 6
158508 511 1 1061 1061 1 2
158594 512 1 1385 1385 42 3
158720 513 2 610 861;360 3 4
158965 514 2 964 1168;760 1 2
159139 515 2 932 665;1200 13 5
159446 516 2 816 1050;583 23 7
159642 517 7 1054 1130;1101;710;1035;1274;1201;926 7 3
160542 518 7 992 637;654;1275;716;873;1486;1302 4 4
160823 519 1 1550 1550 1 2
161481 520 18 720 486;751;817;1189;1457;563;902;821;285;529;125;530;180;639;860;1138;1189;493 14 9
161550 521 2 1120 1410;831 4 4
161690 522 1 1077 1077 12 6
161727 523 5 859 1587;1447;277;829;157 1 2
162059 524 2 952 831;1073 1 2
162317 525 2 696 502;889 1 2
162585 526 9 882 1121;902;707;582;625;1149;1153;769;929 24 6
164508 527 21 918 1541;1675;580;1557;975;1023;1400;720;903;363;951;381;645;1486;663;982;1097;503;138;757;934 3 4
165024 528 3 874 791;890;940 8 5
166934 529 1 498 498 2 6
166976 530 5 803 881;1129;717;393;893 1 2
169568 531 2 1112 1255;970 7 3
169613 532 3 876 106;1560;962 4 4
169768 533 2 878 947;809 38 1
169995 534 10 858 1399;1262;533;730;785;797;1299;827;143;809 10 8
170173 535 3 561 571;773;340 10 8
170610 536 3 1026 1091;918;1068 65 5
172496 537 2 730 758;702 1 2
173321 538 26 842 545;380;849;1367;1421;357;893;1711;598;926;460;817;908;595;226;571;946;854;1469;1166;776;451;1432;415;487;1261 1 2
175597 539 3 1153 950;1200;1310 1 2
175840 540 2 936 984;888 1 2
175952 541 2 1169 1145;1193 34 1
179186 542 5 985 1337;974;854;508;1250 3 4
179509 543 3 738 842;603;769 2 6
182049 544 2 1302 1056;1547 32 3
183362 545 3 1110 1378;973;979 1 2
184560 546 2 980 892;1069 1 2
184748 547 4 992 1531;979;887;571 11 2
184903 548 1 394 394 3 4
185654 549 3 959 1423;658;797 1 2
186155 550 2 762 773;752 3 4
196387 551 2 562 529;594 1 2
196605 552 1 926 926 2 6
196614 553 7 1030 1089;1185;1358;1174;914;614;878 1 2
196638 554 5 819 822;380;940;950;1005 2 6
197019 555 13 869 1191;507;847;1068;858;635;422;839;789;1024;802;961;1349 30 8
197060 556 4 595 310;496;920;654 104 1
197067 557 6 1211 1047;850;1419;1458;821;1673 9 4
197108 558 6 1108 285;1415;922;1263;1134;1627 14 9
197159 559 3 903 850;861;999 2 6
197229 560 7 912 748;819;1071;731;312;1443;1258 8 5
197311 561 2 660 960;359 56 5
197316 562 2 760 914;606 1 2
197334 563 5 709 301;686;582;773;1203 1 2
197467 564 5 891 477;1282;1267;796;633 155 5
197504 565 2 1258 1143;1372 2 6
197589 566 4 1231 1066;1125;1626;1107 1 2
197655 567 7 1113 1171;1016;1433;1101;219;1332;1522 66 9
197687 568 2 1100 1231;969 231 2
197792 569 4 1042 1059;1460;705;944 1 2
197805 570 4 665 1345;121;729;466 5 1
197820 571 3 742 843;735;648 69 9
197944 572 3 388 232;116;816 2 6
197979 573 2 868 1316;419 1 2
197984 574 2 630 440;819 31 9
198101 575 1 751 751 155 5
198220 576 4 928 773;1486;115;1338 8 5
198246 577 2 1040 1180;899 1 2
198354 578 3 833 1279;145;1076 1 2
199332 579 6 969 1119;416;701;948;1136;1493 1 2
199344 580 5 1124 918;1519;1122;970;1089 2 6
199911 581 4 842 611;255;888;1614 68 7
200021 582 2 1240 1413;1067 14 9
200066 583 3 1262 766;1704;1316 1 2
200138 584 6 1228 1520;1237;1253;1350;606;1404 1 2
200158 585 155 890 863;458;1107;1060;363;752;584;685;761;1669;659;889;1372;1329;459;767;110;723;1071;528;1124;1053;812;438;861;975;647;356;1076;564;801;1033;799;1011;742;1168;859;251;776;1212;955;1435;513;846;773;382;1280;1106;1091;1393;744;1553;433;1585;705;744;1349;1041;711;1065;814;986;1475;589;1448;803;1474;897;1132;685;1162;519;1328;689;150;1196;1674;920;1583;896;1058;431;1005;1307;234;1028;1257;1613;1449;831;1116;967;1300;1113;951;898;1497;842;969;667;909;1216;1128;623;1609;723;1212;1339;434;882;525;980;601;629;1038;663;242;690;443;1101;987;112;127;823;1372;965;276;1043;227;414;619;492;1038;661;1290;165;1339;586;956;1256;941;438;920;783;83;1179;1473;525;503;369;975;1628;1220;1169;527 1 2
200300 586 3 834 1405;609;489 1 2
200408 587 4 930 797;865;972;1085 13 5
200491 588 2 1217 854;1580 5 1
200667 589 3 466 413;710;274 1 2
200687 590 1 749 749 1 2
200694 591 1 570 570 1 2
200727 592 3 528 807;537;240 156 8
200735 593 2 526 378;674 2 6
201458 594 3 1296 1523;1282;1083 40 1
201465 595 22 930 957;443;444;688;960;441;1451;1278;1572;90;653;1401;824;916;1163;523;1657;1282;1247;493;1168;820 3 4
201677 596 2 900 592;1207 1 2
201693 597 4 1390 1546;806;1605;1602 30 8
201888 598 3 1251 1089;1425;1239 7 3
202028 599 3 976 1078;838;1011 80 3
202050 600 6 1121 1282;1057;1166;1191;844;1185 40 1
202149 601 2 664 696;633 1 2
203105 602 3 1054 1013;913;1235 1 2
203139 603 3 806 1162;519;736 4 4
203157 604 3 927 616;919;1247 30 8
203247 605 10 786 995;966;555;1048;750;565;850;1303;520;312 2 6
203347 606 6 837 1037;988;487;1037;765;710 6 2
206923 607 5 872 588;1376;1390;161;843 37 8
206955 608 2 1278 1209;1348 23 7
207008 609 5 923 802;1311;492;1679;330 3 4
207080 610 9 1251 1451;765;1082;1347;1594;1715;996;1422;890 3 4
207088 611 2 1364 1399;1328 2 6
207134 612 2 1056 1039;1072 1 2
207163 613 2 620 799;440 165 5
207190 614 3 870 904;677;1029 137 2
207246 615 21 865 860;1180;586;359;562;259;666;472;1331;457;1637;1118;891;1237;1199;855;708;1001;465;1666;648 3 4
207624 616 2 841 854;828 14 9
207640 617 2 658 739;577 99 2
207693 618 2 868 1238;499 62 8
207744 619 6 846 772;742;1501;325;1152;581 19 2
207752 620 1 1379 1379 2 6
207813 621 27 877 995;1648;1192;577;1547;814;890;1165;1310;916;451;568;754;435;280;436;883;1109;683;1079;919;935;393;1118;999;1092;486 9 4
207844 622 2 1072 1515;630 3 4
207892 623 6 790 1180;754;520;1274;553;459 127 1
207917 624 3 680 896;954;191 51 7
207990 625 5 826 1170;480;500;1227;755 2 6
208016 626 23 1030 1391;965;1246;1667;1001;1062;1349;957;951;867;797;1393;1292;981;1089;988;824;955;509;885;851;678;997 357 4
208062 627 6 667 541;1002;503;787;631;540 1 2
208076 628 2 966 1018;915 2 6
208087 629 2 928 475;1381 39 3
208110 630 4 1064 895;1438;535;1386 31 9
208339 631 6 1036 612;601;1059;1620;1023;1298 1 2
208637 632 9 777 1442;552;508;864;849;465;375;433;1508 10 8
208640 633 3 587 532;684;545 16 8
208651 634 2 446 393;498 2 6
208878 635 3 422 296;323;647 6 2
208894 636 2 516 793;238 11 2
209246 637 4 1175 1725;1259;1240;475 1 2
209611 638 12 1022 1317;1536;1538;520;928;670;695;1337;948;898;1128;745 1 2
209647 639 3 787 1197;385;780 53 4
209907 640 1 1415 1415 1 2
209992 641 3 1225 1124;1102;1448 9 4
210034 642 3 1096 1440;1530;318 9 4
210050 643 10 1036 1684;972;1667;909;545;924;1023;800;1014;826 21 2
210238 644 4 863 1279;261;1522;390 2 6
210281 645 4 787 718;525;953;952 169 6
210338 646 2 1218 920;1515 1 2
211288 647 29 832 425;770;1391;1699;986;405;1323;1091;1646;497;615;940;861;634;604;1090;990;398;1077;646;146;805;293;1165;504;761;747;886;729 8 5
211307 648 13 812 697;556;625;331;1711;639;247;1184;613;1400;578;918;1057 7 3
211315 649 4 894 447;1026;1517;587 25 9
211347 650 7 639 245;505;143;816;876;919;972 25 9
211350 651 5 1180 985;941;1661;879;1436 5 1
211485 652 1 486 486 2 6
212099 653 2 1172 1158;1187 2 6
212113 654 2 1214 733;1695 1 2
212120 655 1 895 895 13 5
212160 656 2 601 714;488 20 8
212241 657 3 693 1161;75;843 2 6
212504 658 2 976 1097;854 1 2
212528 659 2 830 810;850 94 8
212636 660 8 785 859;1490;1173;204;370;1452;482;248 16 8
212677 661 2 525 646;404 3 4
212759 662 6 820 356;720;1423;311;1139;970 3 4
212804 663 2 949 1072;826 227 2
212847 664 2 950 1375;525 2 6
212882 665 19 831 531;424;634;1540;368;1203;682;773;478;1102;1698;1550;634;701;607;509;430;1357;560 1 2
213037 666 3 1251 1337;1205;1211 29 3
213199 667 10 919 1011;899;490;794;910;766;1169;921;1287;941 6 2
213360 668 3 1085 1539;1262;453 1 2
213371 669 3 1271 1295;1227;1291 1 2
213639 670 2 612 637;587 322 4
213999 671 4 1062 907;459;1569;1311 17 4
214009 672 3 1178 835;1281;1418 319 2
214141 673 2 1265 1078;1452 8 5
214167 674 11 1162 622;1738;1417;1066;1078;1391;1221;1014;864;1264;1107 1 2
214325 675 5 973 945;923;508;1555;934 1 2
214504 676 3 1009 1385;1039;604 1 2
214736 677 3 980 836;822;1281 1 2
214780 678 3 1028 320;1216;1548 5 1
215067 679 2 911 1130;692 6 2
215161 680 3 1371 1503;1079;1530 8 5
215566 681 8 835 1367;1209;795;169;1132;513;847;650 1 2
215648 682 5 930 1187;905;817;821;918 2 6
215670 683 2 604 510;697 1 2
215694 684 15 1012 1148;86;1241;930;690;782;1219;1477;1304;726;1639;654;882;1529;869 1 2
215852 685 2 1197 1044;1350 2 6
215996 686 3 773 245;872;1202 17 4
216066 687 1 864 864 18 5
216084 688 9 812 447;834;665;531;1236;1042;601;1136;816 1 2
216142 689 6 885 1012;1004;960;908;519;909 2 6
216320 690 3 1114 1140;1200;1003 2 6
216403 691 2 741 544;938 9 4
216957 692 3 1009 366;1558;1103 329 6
217013 693 2 641 922;360 1 2
217197 694 2 871 916;826 1 2
217208 695 2 1068 1295;841 5 1
217329 696 2 656 1075;236 43 3
217367 697 23 952 744;267;1103;895;868;1440;336;1067;1325;1143;1078;784;1269;514;875;1611;685;465;1288;733;1279;1062;1060 3 4
217448 698 2 1022 1264;781 2 6
217500 699 2 1201 1188;1214 69 9
217671 700 4 854 813;470;982;1149 283 5
217795 701 19 1002 1221;1073;1336;1593;727;1267;508;1217;1473;899;714;1016;848;995;834;241;1259;742;1070 13 5
217832 702 3 761 1184;663;437 6 2
217973 703 2 633 599;667 2 6
218087 704 4 963 582;1295;913;1063 6 2
218360 705 6 948 1256;1219;476;429;1677;634 3 4
218609 706 19 1017 961;1595;858;1193;1475;1208;1024;952;195;1009;1690;764;458;1008;874;1141;1119;1179;614 1 2
218863 707 2 618 364;873 259 8
218900 708 3 610 202;913;714 6 2
219441 709 1 1174 1174 90 3
219526 710 6 1348 1491;1546;1072;1568;1211;1201 54 5
219661 711 3 979 1296;801;840 1 2
219697 712 3 926 1188;829;760 6 2
219936 713 2 926 842;1009 5 1
219942 714 8 896 1021;1156;824;626;996;1238;494;816 3 4
220011 715 3 912 1181;1060;496 1 2
220041 716 2 554 515;592 1 2
220408 717 3 766 729;700;869 4 4
220415 718 2 808 665;951 39 3
220593 719 8 892 643;1029;915;714;1187;1308;694;647 1 2
220752 720 4 878 1068;574;1036;834 8 5
221016 721 1 466 466 4 4
221113 722 2 918 1142;695 3 4
221170 723 10 1210 1439;1276;1544;787;1459;1437;691;1385;678;1406 38 1
221352 724 6 840 869;809;558;947;699;1156 22 2
221440 725 2 1002 1438;566 5 1
221719 726 3 1118 964;670;1720 1 2
222367 727 10 809 1037;797;1204;423;1236;972;565;718;289;845 2 6
222380 728 26 810 676;793;281;829;869;536;1176;1073;260;746;596;324;1595;627;130;1309;1032;308;888;845;1133;991;573;856;881;1735 2 6
222413 729 2 680 901;459 2 6
222824 730 24 885 434;857;287;410;1385;1559;1338;1262;1089;764;877;717;566;984;714;1191;667;710;715;1242;1197;907;927;432 1 2
223034 731 10 1048 1478;923;911;1049;1168;997;980;744;1540;685 73 8
223044 732 26 838 193;259;1187;1151;1022;701;936;1359;502;1254;512;1238;1158;980;480;1063;1433;388;990;767;812;956;584;727;849;288 6 2
223178 733 7 1011 676;911;1131;1071;1006;1150;1130 2 6
223291 734 2 1074 1202;946 34 1
223435 735 5 660 684;558;743;547;766 2 6
223610 736 5 570 1048;294;491;317;701 69 9
223649 737 6 954 1298;860;1009;415;1449;694 3 4
223938 738 7 663 647;1036;561;639;707;755;299 4 4
224016 739 5 975 742;1064;683;938;1449 6 2
224237 740 6 1088 1292;599;1068;1335;1470;765 79 5
224410 741 3 918 1112;798;845 15 7
224494 742 2 862 866;857 1 2
224839 743 2 1072 730;1413 2 6
224954 744 4 873 102;1671;1099;620 164 7
224981 745 2 460 673;248 37 8
225017 746 6 1163 1390;1439;1281;1516;553;799 97 8
225160 747 10 975 554;968;941;179;1672;1410;1100;687;1010;1232 1 2
225324 748 3 956 1046;976;846 2 6
225465 749 5 655 940;827;601;634;272 6 2
225932 750 9 867 670;928;1035;1160;1324;620;910;366;793 9 4
226042 751 7 833 1006;943;1303;397;687;527;965 30 8
226261 752 9 1028 1437;909;719;1368;1035;1223;1127;941;492 12 6
227634 753 2 943 856;1030 147 4
227674 754 2 1050 815;1285 4 4
227772 755 11 746 334;770;628;655;890;632;1363;143;553;772;1464 12 6
228060 756 9 942 1251;1289;1276;686;1260;1418;580;427;287 36 7
228243 757 11 721 555;178;316;1543;776;944;778;142;487;1144;1066 9 4
228267 758 7 819 555;1378;578;1188;1217;193;626 1 2
228328 759 7 844 910;861;730;517;1690;703;495 82 2
228682 760 2 1334 1373;1294 3 4
228981 761 2 571 691;451 2 6
229025 762 2 1190 1288;1092 92 7
231047 763 2 992 1026;959 21 2
231428 764 6 827 1042;457;729;1110;970;652 1 2
231544 765 5 1007 1333;1098;1132;679;793 3 4
232052 766 7 953 1432;893;936;1060;755;844;754 89 8
232127 767 7 783 915;1031;331;872;1286;413;636 2 6
233439 768 1 1412 1412 6 2
233542 769 6 456 677;106;773;766;101;316 3 4
235403 770 5 655 818;653;844;246;716 20 8
235598 771 3 958 1385;509;981 197 8
235706 772 6 975 588;1280;376;932;1088;1586 151 5
236716 773 4 966 883;987;731;1263 15 7
236771 774 12 777 332;487;1568;1016;784;458;1338;451;631;703;917;640 5 1
237789 775 4 970 885;1060;1147;786 32 3
237816 776 16 904 1199;795;534;947;637;719;662;1153;842;1025;1258;472;686;964;1439;1140 1 2
237998 777 2 998 1461;535 4 4
238043 778 1 1025 1025 1 2
239315 779 5 1033 1230;731;1162;517;1526 4 4
239546 780 3 1155 1482;891;1093 1 2
239576 781 1 1219 1219 13 5
239586 782 5 909 753;879;607;695;1612 29 3
240298 783 4 899 1049;1129;695;723 2 6
240731 784 14 909 1317;815;683;1269;449;339;246;1417;1124;1401;1041;1340;193;1096 1 2
241243 785 15 967 852;824;746;666;1039;1446;1082;843;1263;1085;562;1018;1101;463;1512 11 2
241311 786 8 853 1016;452;152;665;1126;900;1396;1118 1 2
241584 787 2 1445 1347;1543 2 6
241911 788 3 523 512;662;394 1 2
242182 789 4 742 1275;372;498;825 1 2
242332 790 3 265 199;452;143 242 7
243591 791 1 1642 1642 11 2
244447 792 1 930 930 2 6
244498 793 3 982 1521;227;1198 2 6
244790 794 4 800 731;1036;90;1341 164 7
245000 795 39 935 1002;719;1062;780;1085;1291;1055;1337;494;1269;1078;1186;492;683;727;332;1273;878;1031;249;922;923;807;959;303;1335;838;617;767;858;1627;908;666;717;1169;907;1079;1365;1679 2 6
246903 796 54 926 484;613;746;876;1532;597;970;74;938;1499;1460;1237;939;1434;1153;1587;1096;1244;1554;415;1392;856;1249;964;522;1268;1643;90;1412;971;581;850;1124;1043;649;788;676;655;261;855;1352;878;916;231;1031;139;564;643;643;1178;926;1355;706;1139 2 6
247023 797 4 1086 981;1055;966;1341 33 2
249283 798 3 1333 1457;940;1601 2 6
249487 799 2 764 708;821 52 9
252133 800 1 327 327 1 2
252652 801 5 1143 1028;1358;712;1122;1497 1 2
253017 802 2 698 795;601 34 1
253136 803 22 829 493;946;302;945;902;250;725;1019;1239;631;773;1069;1038;926;501;762;1176;1076;738;770;1606;343 1 2
253417 804 2 1062 860;1264 81 1
253457 805 3 889 1152;518;997 11 2
253841 806 20 923 870;453;1277;523;974;788;713;1456;1454;1736;779;1394;506;1264;793;550;1198;607;938;183 1 2
254039 807 10 884 882;1318;738;616;553;1441;201;1308;926;860 1 2
254782 808 6 614 640;1186;921;335;199;406 2 6
255056 809 2 1228 961;1494 1 2
261016 810 3 1234 1400;1320;983 2 6
261092 811 2 909 887;931 1 2
261839 812 2 1423 1680;1166 148 8
265882 813 2 656 494;817 2 6
266772 814 2 1014 869;1158 171 1
268995 815 6 768 445;1103;1050;510;892;607 3 4
269421 816 6 756 860;565;1590;313;671;537 2 6
270056 817 2 644 371;918 7 3
270456 818 7 761 809;346;863;939;492;1340;538 230 3
272106 819 2 1118 1130;1106 267 5
272597 820 1 1049 1049 9 4
277083 821 3 1063 1204;831;1154 5 1
278381 822 1 808 808 4 4
278385 823 9 980 588;362;719;1031;1461;1525;1166;1077;890 30 8
278416 824 2 1266 1363;1168 3 4
278517 825 2 836 515;1156 4 4
278563 826 6 966 1086;668;857;1231;883;1070 1 2
278718 827 1 1381 1381 1 2
279162 828 2 600 873;326 13 5
279294 829 4 784 1194;579;374;989 8 5
279376 830 3 827 1046;1120;315 2 6
279404 831 1 625 625 1 2
279753 832 28 834 561;295;397;1102;653;244;1562;653;908;1586;516;931;1140;733;598;1073;744;457;1144;1115;958;906;895;772;1180;340;826;1068 1 2
280027 833 1 1016 1016 11 2
280052 834 6 785 777;435;1608;668;608;616 2 6
280054 835 1 791 791 5 1
280359 836 3 950 726;1191;932 51 7
280570 837 6 830 152;848;826;807;1162;1183 3 4
280730 838 5 988 1471;1397;712;974;387 3 4
280746 839 3 1047 129;1280;1731 1 2
280809 840 10 915 1228;127;1670;1176;1249;823;1234;565;610;466 1 2
281318 841 3 479 84;793;561 2 6
281353 842 2 946 930;962 1 2
281501 843 2 1299 1311;1287 1 2
281615 844 13 796 993;130;1230;553;365;1282;892;605;1019;969;738;335;1238 2 6
281640 845 10 838 1426;887;542;608;822;1241;270;953;703;933 22 2
281691 846 4 1116 669;1238;1319;1239 2 6
281730 847 14 984 1361;1001;1169;1677;1002;1116;631;1622;863;604;538;652;638;907 29 3
281745 848 1 929 929 9 4
281942 849 2 1053 839;1267 1 2
281991 850 4 1035 1205;1719;689;526 15 7
282043 851 3 1047 1263;1235;644 2 6
282049 852 11 878 914;367;1073;548;1376;393;1433;937;1232;348;1033 59 8
282090 853 5 1137 1174;739;1110;1264;1397 114 6
282255 854 3 730 567;759;864 10 8
282644 855 3 1032 832;1623;642 1 2
282714 856 3 769 755;657;894 7 3
282845 857 4 796 1282;1051;625;227 30 8
282854 858 5 830 798;1249;570;655;877 6 2
285342 859 13 917 1056;1731;716;738;669;246;1137;115;1244;1132;1049;887;1201 27 3
285515 860 2 1164 1547;782 2 6
285536 861 3 997 594;1081;1315 357 4
285737 862 3 799 1089;99;1210 4 4
285780 863 2 673 1071;275 41 7
285865 864 10 944 1115;704;417;499;1592;1492;287;1039;1715;584 28 8
286000 865 2 968 537;1398 2 6
286078 866 9 864 228;563;788;375;859;1274;1282;993;1416 8 5
286123 867 16 931 272;622;1130;335;1141;930;1004;722;770;1047;907;954;1299;904;1470;1395 92 7
286209 868 3 1220 1547;960;1152 1 2
286289 869 2 1054 1729;379 14 9
286342 870 1 877 877 2 6
286381 871 1 777 777 202 9
286385 872 5 886 1496;751;717;664;802 316 7
286414 873 2 749 898;600 20 8
286448 874 3 508 784;175;566 6 2
286465 875 4 691 144;852;815;953 8 5
286738 876 5 870 334;829;903;1494;792 2 6
286810 877 2 591 858;324 5 1
286837 878 6 857 966;694;761;576;1012;1132 5 1
287315 879 4 926 554;1226;1026;900 1 2
287379 880 2 756 835;676 1 2
287384 881 2 684 137;1230 2 6
287421 882 7 708 686;843;1466;297;807;484;371 1 2
287477 883 6 1016 1041;1516;1003;1114;720;702 4 4
287614 884 2 810 1000;621 1 2
287735 885 7 592 598;467;1496;947;203;176;254 2 6
287762 886 39 819 335;792;1208;837;348;872;1572;610;107;850;1383;1213;957;775;613;1357;950;475;980;73;623;606;468;1064;511;695;551;1121;275;1281;972;884;994;119;897;887;1480;807;1405 2 6
288199 887 1 588 588 231 2
288670 888 5 799 732;1374;510;1163;214 1 2
288729 889 3 931 1194;649;950 1 2
288762 890 2 1015 1206;824 2 6
288782 891 3 719 707;132;1317 17 4
288796 892 21 902 781;748;891;1501;842;1136;1322;603;170;1034;1563;1144;825;992;942;976;625;1022;895;475;454 50 7
288872 893 3 675 734;701;590 1 2
288931 894 8 1068 777;461;1032;1465;1434;1622;787;965 2 6
289280 895 1 982 982 3 4
289583 896 2 532 601;462 1 2
289634 897 5 637 466;1037;284;623;775 1 2
289714 898 3 805 1164;843;409 10 8
289788 899 2 674 432;915 1 2
289863 900 3 545 109;456;1069 69 9
289891 901 3 1074 1584;1244;393 3 4
290383 902 2 912 545;1279 1 2
290400 903 1 1053 1053 11 2
290529 904 2 812 652;972 1 2
290689 905 2 540 273;808 86 1
290832 906 2 1010 1288;731 3 4
290834 907 1 1313 1313 24 6
290988 908 3 1051 944;972;1237 2 6
291014 909 3 1067 1167;1084;949 115 4
291067 910 6 905 800;1140;1132;1147;321;889 11 2
291158 911 4 1042 904;1022;1132;1109 6 2
291181 912 4 1016 1124;1145;1504;292 5 1
291207 913 4 1238 888;1585;1661;820 1 2
291210 914 4 765 1394;447;381;837 33 2
291266 915 2 806 1546;66 3 4
291669 916 4 1082 910;1330;1255;834 198 6
292364 917 3 840 915;950;655 3 4
292999 918 2 1302 1162;1441 103 9
293088 919 3 699 648;181;1267 13 5
293401 920 2 702 957;448 1 2
293424 921 2 354 261;446 1 2
293427 922 18 868 550;1049;908;1153;938;1024;1393;794;224;959;334;552;1535;325;877;383;1727;905 4 4
293500 923 6 742 432;874;617;608;1353;570 15 7
293897 924 3 397 224;374;593 2 6
293906 925 2 352 435;268 2 6
293954 926 3 1279 1147;954;1736 22 2
294124 927 17 908 790;656;1308;559;439;767;1071;1013;520;709;540;1703;638;991;1364;1389;979 23 7
294148 928 4 834 539;1046;988;762 1 2
294616 929 4 847 532;825;1242;789 44 8
294958 930 7 752 771;939;663;931;1064;307;588 1 2
295123 931 1 1363 1363 10 8
295153 932 1 1290 1290 9 4
295421 933 9 955 288;1175;838;744;463;1605;987;1322;1174 3 4
295452 934 1 991 991 8 5
295646 935 1 1153 1153 1 2
296005 936 2 623 563;683 2 6
296310 937 5 796 1237;695;692;674;680 1 2
296421 938 2 1175 980;1370 2 6
296707 939 2 742 832;653 2 6
296721 940 2 1372 1351;1392 4 4
296769 941 18 984 880;526;1252;982;1591;937;196;864;895;1193;1606;1319;985;153;663;1297;1530;844 85 4
296805 942 5 868 1701;762;212;1179;488 8 5
296836 943 4 973 430;726;1576;1159 3 4
296858 944 2 876 120;1631 4 4
296873 945 2 914 979;849 9 4
296927 946 2 860 778;942 4 4
296964 947 7 1196 1233;898;1245;1334;1101;1719;845 13 5
297064 948 2 936 877;994 118 5
297419 949 10 642 611;188;468;963;639;578;319;1058;1086;513 2 6
297502 950 5 889 927;760;199;1201;1359 6 2
297529 951 4 1242 1553;972;1518;927 39 3
297553 952 4 935 1119;1035;649;936 10 8
297695 953 10 889 937;754;893;1029;458;1256;914;118;1074;1461 13 5
297699 954 3 1131 988;1310;1094 2 6
297705 955 14 831 1470;812;757;1387;807;524;434;242;846;1000;728;783;1393;453 1 2
297803 956 5 1059 1330;712;1234;1428;589 69 9
297925 957 28 900 1558;884;918;987;1442;549;1325;793;416;1031;616;1180;821;873;1063;1194;339;1051;667;1257;951;1030;603;496;645;1139;1001;368 8 5
297965 958 3 741 1061;362;799 11 2
298107 959 4 731 548;1234;703;440 5 1
298490 960 12 688 163;1267;463;597;908;653;470;918;442;736;543;1102 10 8
298507 961 2 896 828;964 44 8
299068 962 15 789 1041;436;876;995;362;1024;1003;853;570;621;818;676;834;607;1121 7 3
299069 963 2 1206 1161;1250 1 2
299094 964 2 404 381;428 50 7
299105 965 3 516 634;704;210 1 2
299183 966 5 723 325;495;1095;1012;688 3 4
299218 967 4 973 1049;790;1087;965 21 2
299335 968 4 814 571;804;205;1674 1 2
299504 969 4 911 392;1020;1568;665 1 2
299577 970 1 1567 1567 54 5
299740 971 1 1002 1002 21 2
300794 972 2 644 721;566 1 2
300945 973 2 982 1480;484 2 6
301077 974 9 981 902;974;1112;1085;1160;430;916;1089;1160 3 4
301090 975 2 651 677;625 2 6
301333 976 3 900 743;878;1080 11 2
301396 977 8 813 628;564;957;1200;741;119;1111;1183 22 2
301623 978 4 710 1266;887;262;425 3 4
301681 979 2 421 596;246 6 2
301806 980 1 937 937 1 2
301914 981 15 883 747;936;832;1260;338;1168;257;1423;451;1407;131;708;693;1668;1226 23 7
302004 982 4 1177 1420;808;995;1484 1 2
302016 983 12 655 627;716;334;1363;285;1020;352;709;299;743;788;626 12 6
302083 984 9 1011 1723;929;958;1058;729;999;1467;341;894 188 2
302444 985 3 1023 1063;877;1128 2 6
302677 986 2 909 1130;688 15 7
302711 987 131 932 992;664;761;610;1322;1267;890;900;1130;1693;1308;276;471;1679;1729;706;278;1733;888;1348;1194;1377;1061;952;1414;1199;387;561;639;785;273;1586;1165;909;1108;1094;1066;1325;1073;213;1555;890;829;1201;491;1399;412;1521;1398;1215;984;660;1065;1247;558;772;231;646;756;691;943;1349;1161;499;769;536;993;1533;713;1051;1497;1082;1097;793;888;505;665;1094;415;1128;1552;947;497;1286;928;1370;1311;526;734;895;920;705;535;1019;1308;1028;491;1250;427;570;1134;250;913;436;146;729;1438;1127;653;1237;966;83;1135;376;1467;964;453;768;1047;1122;1106;1033;707;880;562;788;1082;879;1167;1237;666 2 6
302859 988 6 787 680;815;504;567;1180;978 26 7
302972 989 2 992 1234;749 6 2
303030 990 2 510 652;369 23 7
303333 991 2 955 675;1235 1 2
303343 992 3 563 269;205;1214 1 2
303428 993 1 848 848 1 2
303450 994 11 816 1127;637;697;794;807;760;603;1174;1156;642;578 2 6
303460 995 1 288 288 1 2
303604 996 3 668 362;497;1144 40 1
303623 997 4 904 1607;447;697;866 3 4
303636 998 2 394 197;591 18 5
303740 999 1 1343 1343 3 4
304546 1000 2 1162 970;1353 1 2
304573 1001 3 1115 1357;820;1169 1 2
304608 1002 2 1097 1337;857 77 9
304666 1003 1 430 430 1 2
304710 1004 3 861 846;772;965 1 2
304730 1005 3 1016 898;957;1193 13 5
304862 1006 1 1034 1034 2 6
304880 1007 4 808 487;1197;656;893 2 6
304995 1008 5 717 636;1060;850;95;943 1 2
305114 1009 2 1209 1522;896 1 2
305279 1010 9 882 267;1153;1249;836;1070;666;152;1379;1167 95 5
305776 1011 2 662 389;936 1 2
306034 1012 2 927 1116;738 8 5
306958 1013 2 929 645;1213 1 2
307179 1014 2 781 718;844 285 3
307230 1015 1 280 280 2 6
307241 1016 9 867 639;1115;1178;801;974;956;1026;644;467 1 2
307417 1017 10 1107 995;1025;1684;1182;422;1101;647;1208;1630;1179 333 2
307439 1018 1 157 157 85 4
307532 1019 2 1144 1176;1113 18 5
307544 1020 6 567 314;522;447;530;1168;421 38 1
307899 1021 3 1004 942;937;1134 129 4
307935 1022 9 921 632;925;665;1216;396;1537;1286;957;675 1 2
308087 1023 10 816 556;383;591;212;577;1591;1133;1074;353;1690 37 8
308197 1024 20 956 691;976;450;821;680;953;812;506;1571;739;1597;1009;1215;874;989;930;1237;1268;839;960 1 2
308717 1025 8 948 618;953;1348;1225;1062;510;1013;855 1 2
309001 1026 2 1066 930;1202 6 2
309058 1027 1 703 703 2 6
309254 1028 3 578 1278;137;320 14 9
309298 1029 4 1000 824;983;805;1390 1 2
309632 1030 3 578 463;779;492 1 2
309735 1031 15 912 1482;292;255;1032;545;441;1480;1121;1135;1082;404;1044;1543;685;1146 3 4
310541 1032 3 312 502;333;100 21 2
310586 1033 6 894 436;1214;895;525;1042;1249 14 9
310726 1034 5 1010 688;944;1229;1538;649 3 4
312798 1035 3 1250 835;1523;1392 8 5
312862 1036 2 1204 1135;1274 6 2
312891 1037 5 824 203;727;716;1024;1452 12 6
313135 1038 13 897 1118;852;866;1199;729;849;502;1094;268;1429;731;1129;890 53 4
313206 1039 24 939 444;1129;1194;1118;195;1005;919;879;1403;866;677;858;937;604;505;1144;732;869;1506;773;1109;1448;800;1417 2 6
313322 1040 1 843 843 5 1
313431 1041 3 672 97;705;1213 9 4
313451 1042 6 774 742;1094;1105;359;615;727 207 1
313967 1043 5 692 663;284;966;888;660 1 2
314072 1044 3 1090 940;1119;1212 160 6
314243 1045 8 789 348;1621;671;536;254;1322;1000;561 82 2
314579 1046 2 1364 1182;1546 58 9
314594 1047 16 975 782;654;1564;1226;1665;1018;1620;542;1360;932;595;974;442;237;741;1246 130 5
314633 1048 10 822 380;464;1645;1119;668;1011;380;899;1121;536 4 4
314690 1049 12 942 1176;1553;1137;554;855;823;994;867;1454;821;333;733 1 2
314714 1050 2 733 461;1005 52 9
314855 1051 4 618 1029;673;435;333 4 4
314890 1052 2 984 1166;803 1 2
316069 1053 1 1129 1129 11 2
316191 1054 12 1025 1077;1286;1653;741;1364;1191;1319;266;886;1032;505;982 1 2
316345 1055 5 963 1193;1137;1162;731;590 6 2
316545 1056 7 807 151;413;557;945;1714;841;1030 14 9
316598 1057 15 874 1419;890;769;1136;1237;906;479;1167;963;867;1277;976;574;134;313 13 5
316914 1058 7 1044 993;1009;1417;932;984;698;1278 47 2
316973 1059 3 882 1004;884;757 1 2
317021 1060 3 1123 1292;869;1207 1 2
317029 1061 2 530 204;855 1 2
317449 1062 2 958 288;1629 1 2
317611 1063 3 932 142;1267;1388 1 2
317616 1064 3 951 1303;657;894 59 8
319146 1065 63 909 434;339;1009;1016;687;1672;1712;825;1235;378;962;335;1006;638;81;1145;1015;687;1026;311;750;851;384;954;1352;1090;834;663;827;1186;861;630;1647;852;1130;523;1320;708;1705;1091;1092;1260;1483;854;366;737;297;310;707;1189;1199;1244;817;882;1686;737;614;704;713;1064;768;1375;1315 3 4
319955 1066 4 1040 658;1453;794;1254 8 5
320270 1067 5 934 545;1173;939;1338;675 12 6
320351 1068 1 1058 1058 2 6
320546 1069 3 689 791;554;723 8 5
320996 1070 6 934 974;877;799;970;1176;805 1 2
321665 1071 2 410 327;492 349 6
321683 1072 6 1014 1158;419;1683;1393;933;497 4 4
322484 1073 2 630 732;528 64 3
322554 1074 5 910 1018;647;718;1409;756 233 9
322599 1075 3 1128 1496;726;1162 2 6
322929 1076 6 918 378;1371;1156;984;635;981 115 4
323834 1077 8 928 1418;786;872;677;800;296;1301;1273 2 6
323887 1078 2 965 1176;754 81 1
324318 1079 2 366 458;275 2 6
326821 1080 10 831 1219;1006;167;1231;408;443;1143;554;928;1208 2 6
328466 1081 11 1088 1683;1127;1361;743;1263;788;809;1492;1009;291;1406 1 2
328484 1082 2 656 1114;198 4 4
328538 1083 6 790 1166;778;218;206;889;1485 7 3
328718 1084 4 1017 652;898;1216;1302 62 8
329167 1085 4 1274 1249;1076;1688;1084 2 6
329249 1086 8 738 734;1120;235;526;1129;743;138;1279 1 2
329397 1087 2 794 1099;490 5 1
329607 1088 3 848 819;654;1072 90 3
329821 1089 9 878 1283;954;442;518;1184;579;946;1113;881 11 2
329953 1090 2 1062 1462;661 2 6
331193 1091 5 1152 1012;1593;724;1313;1118 15 7
332068 1092 1 270 270 3 4
332242 1093 4 1242 438;1559;1583;1388 3 4
335140 1094 20 834 523;144;574;823;907;1701;1240;300;1182;1685;704;898;150;598;1101;246;1086;1229;683;902 1 2
335515 1095 1 1031 1031 199 9
335911 1096 2 903 523;1283 41 7
336440 1097 1 590 590 8 5
337246 1098 7 1011 1549;720;1357;580;974;664;1230 3 4
338218 1099 7 1038 1186;684;861;1262;390;1633;1247 148 8
345261 1100 3 992 1679;748;549 1 2
345899 1101 4 1336 1129;1134;1570;1513 2 6
346112 1102 2 968 1302;635 3 4
346297 1103 4 1044 681;1120;1192;1181 3 4
347093 1104 3 620 92;1524;245 90 3
348195 1105 2 974 972;975 14 9
348613 1106 5 1180 1253;1278;1508;573;1290 14 9
352832 1107 4 930 981;751;462;1524 2 6
354263 1108 13 1001 1287;1014;990;1050;1083;884;754;507;957;521;1589;1517;865 1 2
354403 1109 2 1018 1214;823 1 2
354601 1110 5 1079 1485;1123;567;1385;835 3 4
356484 1111 5 593 721;540;710;410;584 12 6
359662 1112 2 914 843;984 11 2
360524 1113 5 749 1332;233;906;256;1020 3 4
363001 1114 2 897 1406;388 1 2
365127 1115 3 972 1408;435;1074 141 3
365174 1116 4 761 1126;318;905;696 36 7
365394 1117 3 811 868;864;700 9 4
365803 1118 3 1007 1320;686;1016 2 6
365817 1119 5 878 392;1020;889;528;1562 2 6
365925 1120 6 961 875;786;1128;1314;527;1136 4 4
366322 1121 4 940 1442;408;715;1193 1 2
366468 1122 2 568 581;556 13 5
367185 1123 2 1179 932;1426 1 2
367252 1124 2 968 750;1185 8 5
367760 1125 2 744 637;850 5 1
367798 1126 4 934 851;1014;714;1158 4 4
367858 1127 8 767 764;215;822;1159;413;325;1046;1393 2 6
367871 1128 4 1278 1226;900;1532;1456 19 2
367924 1129 2 1045 783;1307 20 8
367996 1130 2 969 1189;749 1 2
368295 1131 1 1422 1422 1 2
368355 1132 3 1001 714;950;1339 352 7
368832 1133 2 1044 1223;864 1 2
369094 1134 1 1049 1049 161 2
369097 1135 6 1066 1557;1344;1491;769;498;735 3 4
369164 1136 28 970 890;1152;902;784;1087;690;1196;890;460;583;1678;400;326;592;1590;1502;991;1356;634;1296;751;783;982;1374;1443;681;1186;972 2 6
369219 1137 2 929 1038;820 146 4
369525 1138 8 825 352;1039;919;1089;921;700;741;836 29 3
369753 1139 2 875 903;847 4 4
369775 1140 2 1076 815;1337 1 2
369966 1141 16 867 893;1049;756;1002;844;999;1345;1056;498;1037;775;580;692;703;1000;642 1 2
370209 1142 5 1016 1262;1282;1217;534;783 1 2
370342 1143 1 859 859 1 2
370360 1144 2 704 727;681 14 9
370365 1145 9 1120 1333;691;1080;1551;819;1471;477;1369;1288 4 4
370655 1146 3 843 701;739;1088 8 5
370787 1147 22 826 731;814;708;918;354;988;1474;499;1210;846;854;139;685;1323;780;1401;1397;501;1220;737;124;476 35 9
371328 1148 2 844 994;693 4 4
371428 1149 2 1110 1694;525 1 2
371451 1150 1 880 880 59 8
371486 1151 1 632 632 6 2
371636 1152 5 729 330;1104;298;560;1354 1 2
371663 1153 1 748 748 27 3
371691 1154 2 353 601;105 1 2
371716 1155 3 896 1009;380;1298 3 4
371724 1156 4 926 663;1266;1154;623 1 2
371780 1157 2 830 860;799 3 4
371846 1158 4 762 86;762;993;1206 14 9
371864 1159 18 676 715;215;1124;497;377;333;225;190;926;965;739;639;926;769;1137;1297;332;761 12 6
371936 1160 7 978 775;482;1117;1643;599;1614;617 5 1
372010 1161 3 1054 846;1049;1268 18 5
372120 1162 2 1004 1271;736 207 1
372659 1163 4 852 1243;1220;232;715 3 4
372699 1164 5 724 1489;632;716;383;398 288 1
372845 1165 3 1162 698;1335;1454 17 4
372868 1166 3 895 270;746;1668 34 1
372904 1167 3 1080 1203;435;1601 13 5
372906 1168 3 795 595;722;1069 1 2
372969 1169 3 780 1006;442;891 1 2
373075 1170 5 804 819;1050;938;912;303 1 2
373102 1171 2 922 1076;769 202 9
373138 1172 3 1307 993;1532;1397 2 6
373272 1173 2 841 746;936 57 7
373438 1174 5 1186 1171;688;1538;1541;991 5 1
373444 1175 3 991 1027;892;1055 1 2
373593 1176 2 1330 1514;1146 6 2
373624 1177 1 1449 1449 1 2
373685 1178 2 1336 1324;1348 2 6
373737 1179 8 829 1198;812;636;884;386;996;466;1254 10 8
374485 1180 2 992 1031;952 3 4
374848 1181 2 833 1124;542 2 6
374984 1182 4 1339 1539;1472;1359;987 1 2
375016 1183 2 992 821;1162 1 2
375371 1184 16 880 1306;1058;883;1474;682;806;514;545;392;1403;911;766;901;1051;870;512 1 2
375413 1185 2 541 369;713 2 6
375446 1186 2 719 611;827 14 9
375773 1187 3 835 445;1067;993 1 2
375957 1188 4 1162 843;880;1315;1609 15 7
375961 1189 2 665 940;390 1 2
376002 1190 3 862 801;881;904 3 4
377162 1191 4 995 885;944;822;1329 9 4
377171 1192 3 698 936;717;442 1 2
377263 1193 6 916 1252;331;1314;1328;488;785 13 5
377390 1194 3 1328 1238;1309;1438 3 4
377523 1195 6 819 622;811;872;698;1303;607 1 2
377569 1196 1 813 813 54 5
377626 1197 1 1093 1093 1 2
377872 1198 3 1433 1437;1627;1236 3 4
378068 1199 2 1114 1498;729 27 3
378356 1200 3 711 674;460;999 2 6
378431 1201 38 847 285;970;872;80;587;1045;1267;1004;775;791;755;971;366;884;1432;912;1117;883;1407;914;654;1492;862;434;1159;1229;524;741;947;704;393;1023;852;640;1204;595;782;651 48 9
378479 1202 4 892 1172;463;935;998 2 6
378574 1203 3 544 915;298;419 3 4
378645 1204 2 1321 1470;1172 9 4
378844 1205 4 1023 1505;708;713;1166 1 2
378877 1206 4 829 1456;957;324;580 5 1
379720 1207 28 855 342;720;825;962;765;1653;599;564;1048;1731;1168;804;1270;834;1412;930;777;771;1083;585;373;712;210;1211;1497;491;401;212 29 3
379844 1208 4 914 908;1045;847;856 1 2
379863 1209 14 790 1255;60;577;917;773;849;933;554;696;551;1054;1370;169;1307 5 1
382046 1210 3 1169 1090;1426;990 10 8
382062 1211 5 792 1329;1001;516;908;204 91 9
382181 1212 8 658 851;646;463;705;88;358;1007;1148 1 2
382255 1213 6 824 768;780;1112;587;721;974 47 2
383108 1214 6 867 1380;992;211;518;651;1450 4 4
383182 1215 23 890 1325;474;1245;1204;625;874;590;71;557;939;1134;600;944;1327;908;665;929;812;708;1232;1236;793;1286 73 8
383226 1216 1 450 450 1 2
384383 1217 2 942 841;1044 1 2
384743 1218 5 754 644;725;641;1061;697 1 2
384954 1219 10 989 601;1085;1258;926;427;1451;1179;739;1149;1077 3 4
385001 1220 4 928 374;1008;991;1340 2 6
385061 1221 11 817 466;879;696;1091;769;543;1303;800;1007;439;991 213 8
385101 1222 3 652 368;697;891 2 6
385220 1223 4 742 668;534;937;830 2 6
385334 1224 3 860 760;836;984 8 5
385395 1225 54 882 357;1504;423;1127;1332;1102;1003;816;1488;967;1284;460;1350;244;1227;605;881;1271;535;1054;583;1190;989;1077;1646;1024;693;1574;997;1253;777;633;646;833;832;313;531;571;470;857;1126;356;938;523;305;784;475;955;1138;814;820;531;1155;1162 1 2
385811 1226 1 1059 1059 1 2
385899 1227 2 558 626;489 13 5
385968 1228 9 1070 1471;1276;745;1013;664;911;1507;1042;1004 2 6
386029 1229 1 327 327 3 4
386229 1230 1 508 508 1 2
386406 1231 1 1158 1158 304 6
386483 1232 3 1187 1692;647;1222 177 4
386627 1233 6 1018 1060;1122;735;717;1183;1292 2 6
386631 1234 9 906 858;410;912;810;633;1152;1032;1686;664 2 6
386743 1235 3 1377 1473;1263;1396 1 2
386770 1236 2 1204 1194;1214 40 1
386855 1237 2 1072 924;1219 5 1
387019 1238 2 944 1321;567 3 4
388231 1239 2 850 765;936 8 5
388336 1240 2 1268 1212;1323 1 2
388368 1241 4 872 946;1239;517;785 25 9
388928 1242 6 959 739;950;1267;946;730;1124 1 2
388986 1243 5 696 721;408;886;910;554 29 3
390623 1244 12 784 922;370;1421;556;1396;127;547;440;957;847;891;940 12 6
390639 1245 5 1073 999;1147;651;1367;1199 17 4
390718 1246 2 888 1228;547 1 2
390960 1247 3 1118 1574;1205;575 1 2
391019 1248 1 818 818 3 4
391218 1249 1 1421 1421 3 4
391231 1250 3 841 968;854;701 1 2
391536 1251 4 1086 1160;867;1323;992 94 8
391632 1252 8 885 514;773;755;1405;1089;941;1078;525 1 2
391681 1253 2 587 415;759 6 2
391744 1254 5 747 1073;1068;932;450;214 1 2
392347 1255 2 1211 1037;1385 251 4
392416 1256 3 528 290;1042;252 1 2
392427 1257 12 834 203;1150;740;721;303;1099;628;786;976;1474;800;1132 1 2
392983 1258 2 507 596;418 11 2
392990 1259 2 1247 1456;1038 1 2
393512 1260 5 783 731;924;827;670;765 7 3
393656 1261 17 823 1103;545;810;1390;158;1406;708;647;1102;921;294;924;1377;1068;698;174;674 1 2
393667 1262 11 990 1074;1520;993;1062;898;626;643;1014;1508;993;556 247 5
393807 1263 2 1001 871;1131 2 6
393834 1264 1 361 361 7 3
394206 1265 10 912 807;1507;633;266;1277;927;862;1035;865;943 84 5
394360 1266 4 763 818;115;1278;842 199 9
394410 1267 23 899 969;1610;1321;775;326;1148;882;116;1252;1265;365;823;485;490;1191;914;682;1052;304;1217;1330;1096;1063 3 4
394441 1268 2 856 796;915 1 2
394579 1269 6 814 671;1185;1146;454;758;669 16 8
394626 1270 4 663 870;491;89;1203 2 6
394700 1271 2 832 798;866 13 5
394853 1272 4 760 858;394;659;1128 117 1
395735 1273 8 717 952;789;636;571;687;1073;110;916 7 3
395886 1274 3 1260 1351;1379;1050 5 1
395985 1275 2 776 789;762 3 4
396235 1276 8 887 298;1676;357;1239;592;1425;245;1263 5 1
396342 1277 2 664 410;918 11 2
396424 1278 4 670 738;841;546;553 1 2
396462 1279 7 1074 1158;1336;1411;827;978;748;1060 1 2
396837 1280 3 809 865;848;715 2 6
398709 1281 3 1054 1062;1315;784 1 2
398856 1282 2 551 502;600 39 3
399206 1283 4 724 893;929;831;244 3 4
399371 1284 3 778 550;421;1362 1 2
399720 1285 5 846 1375;849;638;762;607 2 6
399753 1286 2 750 724;775 53 4
400094 1287 6 763 1040;251;917;932;829;611 2 6
400706 1288 4 792 448;623;1075;1023 2 6
401080 1289 9 879 715;1109;255;1071;371;1307;381;1500;1203 3 4
401166 1290 4 854 667;731;1160;859 9 4
401335 1291 6 826 197;1513;1233;598;544;870 1 2
401738 1292 4 1112 1331;813;1168;1136 1 2
403544 1293 4 779 154;1090;766;1105 1 2
404547 1294 2 998 905;1090 1 2
404570 1295 9 854 973;1336;347;1200;759;499;83;1455;1036 9 4
404757 1296 2 553 649;457 1 2
404809 1297 2 755 824;686 14 9
404993 1298 3 1275 903;1245;1677 8 5
405114 1299 4 694 1003;655;407;711 23 7
405777 1300 2 1036 1529;544 18 5
406870 1301 4 870 445;1191;1242;604 2 6
406923 1302 5 1009 848;1007;1066;1001;1121 12 6
407544 1303 15 855 1175;1154;1370;1230;157;1162;716;598;980;139;1205;1126;340;391;1081 123 7
408043 1304 3 915 1176;430;1140 54 5
408178 1305 2 663 785;541 1 2
408185 1306 5 1275 1032;1328;1135;1156;1723 12 6
408250 1307 6 983 687;936;974;782;782;1736 1 2
408523 1308 17 970 1276;1234;1041;1566;1265;644;1019;529;1538;1022;820;191;1290;912;431;820;894 1 2
408544 1309 3 1225 1028;1288;1359 1 2
408763 1310 3 926 810;395;1573 10 8
409435 1311 1 1402 1402 3 4
409449 1312 8 955 576;662;903;851;626;1434;1305;1281 1 2
411136 1313 5 1157 1418;919;1027;1270;1152 1 2
411299 1314 3 454 65;826;472 16 8
412217 1315 2 914 1179;648 1 2
412894 1316 3 1307 1374;1334;1212 1 2
412918 1317 1 1144 1144 4 4
413402 1318 2 1188 903;1473 12 6
413516 1319 1 611 611 4 4
413639 1320 3 624 1119;450;304 1 2
413875 1321 2 931 1645;217 9 4
413895 1322 6 927 656;1139;1076;1144;994;553 1 2
413980 1323 4 763 1199;771;182;899 18 5
414135 1324 13 770 928;885;421;573;1064;494;944;577;987;958;769;889;518 8 5
414489 1325 5 751 873;997;444;815;627 1 2
415555 1326 10 1069 922;937;1431;1247;1663;587;1024;1551;692;635 1 2
416775 1327 1 1177 1177 217 6
417361 1328 1 1155 1155 1 2
417402 1329 6 1130 1272;1260;843;1334;1234;840 34 1
417581 1330 3 896 1355;717;615 1 2
417587 1331 2 988 561;1416 173 4
420111 1332 2 1154 1351;958 1 2
420125 1333 2 720 893;546 8 5
420216 1334 1 204 204 2 6
420438 1335 8 844 1050;1518;406;841;479;915;526;1020 50 7
422740 1336 2 696 949;443 3 4
422755 1337 2 708 1113;303 1 2
422988 1338 4 868 808;1112;903;650 23 7
423660 1339 1 916 916 2 6
423772 1340 2 1182 1137;1228 120 2
423913 1341 2 862 1091;632 1 2
424691 1342 2 726 1215;238 10 8
425256 1343 3 1039 1124;792;1200 11 2
425898 1344 1 826 826 1 2
430078 1345 5 745 103;1135;1426;812;249 19 2
430405 1346 1 405 405 1 2
431421 1347 7 881 1149;931;377;1456;631;977;647 2 6
432567 1348 6 801 994;812;1424;650;133;794 14 9
432985 1349 11 841 1457;842;941;693;1042;518;98;1051;708;774;1129 1 2
434130 1350 3 554 572;540;551 5 1
434207 1351 2 1263 1022;1504 1 2
436082 1352 3 1197 1046;892;1652 196 8
438761 1353 2 701 652;750 12 6
439673 1354 3 1221 1284;1016;1362 9 4
440727 1355 4 797 688;861;456;1184 1 2
441155 1356 2 500 127;872 1 2
442050 1357 3 840 1270;234;1016 2 6
442151 1358 3 1019 854;944;1259 143 2
442901 1359 2 784 856;711 3 4
443163 1360 2 976 1260;691 361 5
445744 1361 2 578 555;601 1 2
446504 1362 1 381 381 5 1
447969 1363 11 1069 664;800;1304;1341;946;1219;746;1264;1425;1221;830 4 4
448580 1364 1 627 627 1 2
450371 1365 9 760 771;1650;496;913;811;748;453;689;312 10 8
450986 1366 4 884 829;916;905;887 9 4
451016 1367 2 906 516;1295 1 2
451047 1368 4 945 791;1362;193;1435 1 2
451072 1369 6 938 760;1004;1635;238;675;1314 3 4
451140 1370 3 535 259;1060;286 12 6
451184 1371 2 810 1152;469 60 8
451237 1372 4 902 790;1096;902;822 5 1
451428 1373 4 1032 1298;1242;892;698 22 2
451743 1374 2 552 265;839 2 6
451845 1375 1 1712 1712 21 2
452014 1376 6 983 1475;592;781;850;1303;897 12 6
452108 1377 2 726 232;1220 1 2
452241 1378 4 702 369;645;969;826 5 1
452271 1379 5 1015 1623;638;1447;686;680 8 5
452551 1380 3 747 416;607;1218 82 2
453085 1381 1 1226 1226 26 7
453263 1382 11 1121 1428;1638;1098;953;958;589;1135;991;1311;1225;1006 1 2
453313 1383 8 958 1017;754;929;1161;178;1686;1083;852 1 2
453332 1384 1 1047 1047 2 6
453388 1385 1 1026 1026 47 2
453420 1386 2 1249 904;1594 3 4
453490 1387 4 885 883;1099;861;698 6 2
453680 1388 4 697 1385;106;529;769 18 5
453691 1389 3 775 1078;622;626 1 2
454128 1390 32 1004 785;324;694;1512;1058;439;516;1077;952;1161;857;824;1089;874;1351;1623;780;884;1258;963;824;342;1613;823;1678;1195;560;1685;1049;1572;1229;535 8 5
454161 1391 1 576 576 1 2
454182 1392 1 1103 1103 5 1
456157 1393 4 870 1046;726;1095;615 17 4
456290 1394 2 1008 986;1029 27 3
456362 1395 4 1001 637;1138;1121;1109 4 4
456400 1396 4 875 813;1344;479;864 162 2
456781 1397 14 858 603;565;836;983;697;783;791;1268;356;1025;1117;1710;154;1119 6 2
456800 1398 3 1373 1108;1484;1527 25 9
456823 1399 3 1346 1009;1476;1552 35 9
457406 1400 14 1016 377;1574;940;736;1346;973;622;1103;1166;1114;1424;894;1427;527 2 6
457444 1401 3 571 878;337;498 1 2
457574 1402 5 779 707;1423;1068;597;98 1 2
457742 1403 2 601 939;263 1 2
457843 1404 4 683 713;63;593;1362 48 9
457926 1405 8 939 1619;899;604;730;842;971;415;1429 1 2
457944 1406 2 461 368;554 7 3
458093 1407 1 1472 1472 10 8
458143 1408 4 640 250;1327;520;462 2 6
458246 1409 2 454 800;107 13 5
458802 1410 12 848 1430;580;934;524;413;663;964;1210;1026;535;671;1221 1 2
459134 1411 3 688 589;1134;342 1 2
459209 1412 17 823 635;1133;152;717;1020;1091;947;292;579;712;1514;1133;658;935;759;988;734 1 2
459230 1413 7 829 766;1020;514;546;724;865;1368 41 7
459411 1414 3 1197 1444;1088;1060 6 2
459423 1415 1 436 436 2 6
459491 1416 5 1270 1622;1610;1245;1381;493 68 7
459869 1417 6 808 428;125;1131;950;1732;481 1 2
460004 1418 5 1127 997;612;1503;1005;1518 227 2
460082 1419 3 1009 831;895;1301 2 6
460098 1420 1 1187 1187 1 2
460108 1421 2 921 660;1182 2 6
460250 1422 3 1111 1053;1137;1143 11 2
460413 1423 3 790 638;649;1084 3 4
460454 1424 4 888 729;1189;991;642 174 3
460641 1425 3 1346 1058;1508;1471 28 8
461325 1426 8 914 627;1018;861;939;1478;1457;636;294 114 6
461485 1427 5 767 816;799;620;320;1281 81 1
462041 1428 3 970 1358;509;1044 18 5
462727 1429 1 855 855 1 2
463028 1430 1 1630 1630 4 4
463062 1431 2 757 1058;456 1 2
463255 1432 2 614 914;313 103 9
463285 1433 1 523 523 1 2
463478 1434 6 1095 1649;1519;874;784;1107;639 91 9
463494 1435 1 474 474 6 2
463543 1436 2 1292 1516;1069 29 3
464160 1437 3 714 1065;133;943 1 2
464199 1438 4 498 903;167;601;322 1 2
464393 1439 1 1071 1071 119 6
464401 1440 3 1249 1186;1160;1400 1 2
464409 1441 3 789 867;847;653 1 2
464848 1442 3 1023 1099;1327;643 26 7
465003 1443 2 1398 1281;1515 1 2
465056 1444 4 1222 1200;864;1463;1360 1 2
465185 1445 6 706 944;574;854;339;620;907 1 2
465875 1446 3 1007 527;1644;849 3 4
466015 1447 1 844 844 1 2
466047 1448 1 1525 1525 8 5
466267 1449 4 798 1095;696;914;487 30 8
466435 1450 2 896 1263;529 11 2
466925 1451 12 618 583;78;386;1092;784;646;891;460;511;1155;535;294 14 9
466958 1452 3 800 1403;442;554 1 2
467005 1453 4 1149 792;1518;1494;793 3 4
467069 1454 7 1008 743;679;1150;1366;1300;504;1317 2 6
467503 1455 8 924 214;1270;1277;1192;957;1148;533;805 2 6
467504 1456 4 703 577;1270;484;481 9 4
467520 1457 2 902 1125;680 1 2
467527 1458 1 660 660 32 3
468031 1459 20 863 617;514;1306;1246;979;485;1395;533;593;708;1203;322;1701;1119;1162;1058;820;277;295;925 44 8
468262 1460 7 777 662;369;883;956;1010;890;671 6 2
468304 1461 6 1025 916;1426;935;832;751;1290 1 2
468347 1462 5 751 454;809;994;879;619 12 6
469006 1463 17 982 910;790;878;1458;345;1557;736;1347;624;1269;762;639;454;1325;1096;1386;1124 3 4
469341 1464 6 877 654;842;782;895;1326;761 1 2
469388 1465 6 897 273;1192;843;1199;1042;832 5 1
469586 1466 4 632 199;1171;383;777 7 3
469758 1467 6 799 495;177;1363;767;772;1220 2 6
469849 1468 6 1051 1363;1475;1061;1486;627;295 1 2
470104 1469 2 1180 1256;1104 4 4
470438 1470 6 1068 1025;1209;976;1360;892;946 164 7
470905 1471 4 937 1036;922;1145;646 6 2
470942 1472 10 921 714;367;792;627;1427;1024;889;444;1275;1651 2 6
470959 1473 2 796 827;766 2 6
471130 1474 12 587 342;850;650;860;471;632;311;740;494;1170;165;358 1 2
471194 1475 14 808 1183;1317;495;520;625;1296;1181;300;91;1141;645;577;869;1079 37 8
471246 1476 4 809 607;914;1329;386 230 3
471415 1477 2 764 662;866 1 2
471453 1478 7 826 1132;860;951;328;1366;742;404 1 2
473348 1479 3 635 1000;532;372 18 5
473445 1480 3 1042 917;1612;596 66 9
473527 1481 6 823 1298;462;521;485;1068;1105 2 6
473635 1482 17 986 524;1246;1228;975;738;921;625;1448;909;883;1581;999;1364;599;879;1282;557 2 6
473683 1483 4 695 1094;427;228;1030 1 2
473913 1484 4 814 878;707;1265;408 35 9
473946 1485 16 859 1070;1158;867;679;1044;585;798;194;594;1106;860;1015;957;919;775;1120 129 4
474034 1486 5 976 1478;1037;1257;752;354 12 6
474130 1487 3 635 766;319;819 61 2
474167 1488 4 1108 1027;1254;914;1237 2 6
474219 1489 21 893 465;581;619;1322;586;1433;1635;895;703;971;241;774;1071;901;1006;985;917;848;1320;363;1107 17 4
474447 1490 4 900 839;574;1355;834 3 4
474485 1491 4 913 917;781;675;1280 2 6
474499 1492 3 648 839;843;262 5 1
474624 1493 4 552 664;262;1099;185 1 2
474667 1494 6 896 736;1141;651;1361;493;991 6 2
474846 1495 5 986 717;929;1177;977;1128 1 2
474859 1496 2 732 440;1024 45 7
475041 1497 2 1096 1253;938 9 4
475086 1498 1 142 142 13 5
475170 1499 5 833 990;1078;816;373;908 11 2
475252 1500 3 1019 700;1059;1297 1 2
475310 1501 2 1034 931;1136 3 4
475367 1502 3 361 177;215;690 20 8
476130 1503 3 1042 941;1133;1053 1 2
476214 1504 1 1153 1153 5 1
476300 1505 2 1028 1073;982 2 6
476348 1506 19 779 82;764;836;1342;714;648;289;1207;884;1271;822;830;262;713;255;874;991;816;1202 5 1
476680 1507 3 655 212;842;911 46 3
476703 1508 2 555 651;459 13 5
476973 1509 2 1032 927;1137 183 6
477012 1510 1 1485 1485 5 1
477328 1511 6 930 956;1170;1026;532;920;979 2 6
477634 1512 7 797 1312;674;1003;397;1127;251;816 4 4
477816 1513 1 1375 1375 3 4
477873 1514 1 629 629 3 4
477899 1515 4 920 1194;274;1411;800 27 3
477904 1516 2 1015 1285;745 3 4
478379 1517 2 784 1213;355 46 3
478563 1518 3 899 1162;1310;225 19 2
478672 1519 7 895 878;1622;601;768;604;780;1011 44 8
478756 1520 1 550 550 3 4
479331 1521 1 781 781 3 4
479343 1522 4 848 827;1505;286;774 2 6
480111 1523 6 1089 1453;1180;736;386;1233;1547 167 2
480181 1524 110 907 1339;1393;1086;1528;483;292;1083;359;1002;112;1584;1558;618;1480;878;1119;994;193;970;727;624;978;932;584;874;1258;688;924;583;980;1550;1264;1111;1239;230;1241;659;510;1487;735;1099;877;756;672;576;641;1248;342;138;498;1586;1008;953;461;575;976;636;916;970;1383;613;861;327;448;926;1213;1107;452;889;1001;1597;870;762;744;716;1069;770;1208;1244;1233;982;922;1714;331;338;1399;972;893;863;1091;1246;134;863;1076;1170;867;560;205;1427;770;640;1166;1477;1388;978;740;884;1083;935;1044 16 8
480230 1525 2 810 427;1192 1 2
480315 1526 15 781 693;1004;1719;587;914;209;615;702;323;832;628;883;122;1123;1366 1 2
480489 1527 6 1049 782;736;1436;1454;956;931 1 2
481023 1528 7 1060 1232;1710;1622;68;373;1478;937 3 4
481332 1529 4 803 891;577;617;1126 2 6
481371 1530 3 975 1049;1055;820 127 1
481412 1531 10 920 1155;763;877;1595;1309;679;712;913;597;602 9 4
481439 1532 3 869 1402;810;395 290 8
481453 1533 2 859 799;919 5 1
483864 1534 3 838 781;801;933 4 4
483874 1535 4 1261 1199;879;1353;1612 13 5
483890 1536 2 828 267;1389 11 2
484096 1537 18 965 1060;909;1090;1036;1337;1134;1055;975;1203;530;1328;649;751;889;1293;805;1026;302 19 2
484105 1538 2 744 914;574 10 8
484303 1539 9 751 572;345;1210;894;513;667;1054;805;696 6 2
484649 1540 20 818 1410;552;209;1127;984;632;1404;1158;685;536;1099;589;503;716;1136;539;1105;116;1328;541 1 2
484711 1541 4 1101 967;654;1267;1516 1 2
484788 1542 2 993 783;1203 2 6
484902 1543 2 1200 1717;682 3 4
485103 1544 4 816 722;1152;427;963 1 2
485319 1545 2 1314 1371;1258 10 8
485676 1546 14 887 600;792;858;1131;1295;269;1180;592;1410;327;1275;1089;776;830 1 2
485720 1547 4 1020 529;1141;1410;1000 1 2
485730 1548 2 1056 996;1115 37 8
486292 1549 5 836 474;813;637;1145;1111 20 8
487445 1550 3 354 500;87;476 10 8
487450 1551 4 789 673;385;1636;461 11 2
487597 1552 2 847 738;956 3 4
488095 1553 4 871 870;1560;368;687 1 2
488270 1554 2 804 972;637 24 6
488302 1555 3 1276 968;1423;1436 42 3
488548 1556 15 803 1463;1010;177;469;1077;601;167;972;420;1230;745;773;1453;595;898 1 2
488669 1557 2 874 1344;405 6 2
488682 1558 2 914 761;1067 1 2
488956 1559 2 1250 1177;1322 10 8
489024 1560 2 1160 660;1660 1 2
489169 1561 2 610 100;1121 3 4
489264 1562 3 806 645;884;888 3 4
489501 1563 8 655 584;808;1269;374;1173;672;75;288 126 4
490137 1564 6 878 830;945;944;838;535;1173 16 8
490148 1565 8 977 679;1164;1127;1530;1193;828;1002;296 2 6
490520 1566 2 1004 711;1296 5 1
490685 1567 3 1154 1142;595;1725 7 3
490766 1568 1 1713 1713 23 7
492153 1569 26 718 196;1141;1283;359;837;629;459;216;1409;529;899;809;1417;829;901;585;582;1002;332;397;633;496;1384;191;617;533 1 2
492327 1570 4 866 939;1157;896;472 147 4
494079 1571 12 785 735;676;802;698;110;974;559;913;935;1357;738;926 2 6
494314 1572 2 588 762;413 2 6
494987 1573 1 1264 1264 4 4
495100 1574 2 780 940;621 4 4
495165 1575 2 1372 1472;1272 4 4
495410 1576 3 637 80;795;1036 3 4
495867 1577 2 1196 1721;670 43 3
496209 1578 7 980 628;347;1372;1425;470;1534;1081 72 1
496983 1579 5 1025 904;1010;1160;877;1175 1 2
498038 1580 4 974 487;844;956;1609 1 2
498897 1581 1 363 363 3 4
499349 1582 25 938 1023;431;940;885;823;1057;1281;217;538;1150;576;735;1034;1089;614;1210;1309;1139;937;526;1134;1184;1137;1175;1318 30 8
501611 1583 3 529 154;722;710 15 7
501682 1584 3 850 564;969;1016 34 1
502041 1585 9 810 349;1032;1173;343;417;419;1593;1243;722 7 3
502638 1586 10 980 1458;452;1693;681;923;1042;799;1580;1037;137 68 7
503298 1587 1 706 706 40 1
504398 1588 1 1463 1463 61 2
504526 1589 2 504 400;609 3 4
504983 1590 15 964 388;899;1012;910;972;132;1262;938;508;1376;914;1358;1208;1180;1400 7 3
505869 1591 3 974 1363;84;1476 60 8
506178 1592 7 1154 1295;1004;1417;1019;998;979;1366 1 2
509262 1593 2 670 335;1004 2 6
509307 1594 6 707 1084;188;536;235;1168;1031 72 1
509398 1595 5 809 1080;1126;981;87;770 5 1
509644 1596 4 554 141;600;691;782 53 4
511585 1597 2 1520 1533;1506 5 1
513087 1598 2 1014 547;1482 1 2
513198 1599 2 1138 864;1411 147 4
514626 1600 2 519 400;638 1 2
514987 1601 3 1128 1029;956;1398 1 2
515839 1602 1 704 704 2 6
516599 1603 4 1289 1274;1443;1110;1330 7 3
517026 1604 1 299 299 2 6
517120 1605 3 915 525;1014;1205 1 2
517203 1606 4 819 261;1051;1486;478 1 2
520708 1607 3 1055 1512;1443;210 16 8
522494 1608 2 1058 867;1250 32 3
522645 1609 2 1437 1256;1618 2 6
524783 1610 3 523 158;662;748 1 2
527975 1611 14 1012 1040;1244;494;1709;1024;917;1131;720;608;810;408;1617;1277;1169 5 1
534252 1612 5 1030 1637;705;406;1152;1248 1 2
535570 1613 9 828 1175;1008;430;674;437;1012;769;809;1139 35 9
544990 1614 7 737 1103;753;758;1002;589;617;336 1 2
545224 1615 1 962 962 1 2
545250 1616 4 889 237;1409;959;950 1 2
545535 1617 4 686 1116;196;379;1051 1 2
545653 1618 1 703 703 6 2
545673 1619 2 636 302;971 2 6
545761 1620 2 922 1080;764 12 6
545868 1621 7 750 773;673;1182;1128;885;532;80 2 6
545951 1622 3 578 448;648;639 9 4
546153 1623 2 674 975;374 2 6
546478 1624 3 774 652;971;698 52 9
546826 1625 3 935 692;1093;1019 212 9
546978 1626 8 832 231;959;872;1421;1292;502;559;820 20 8
547020 1627 2 656 1191;122 76 5
547100 1628 2 962 1092;832 11 2
547274 1629 11 842 533;210;820;1127;603;309;1251;1241;818;1438;915 1 2
547281 1630 3 664 401;893;699 19 2
547389 1631 6 897 1184;868;1137;1079;539;575 2 6
547450 1632 5 636 734;1066;464;633;281 1 2
547495 1633 2 1311 1050;1572 3 4
547549 1634 4 792 606;578;970;1013 2 6
547568 1635 1 1679 1679 102 1
547587 1636 10 834 941;198;325;785;769;1339;1209;476;1274;1026 1 2
547662 1637 2 1016 1110;922 3 4
547685 1638 4 742 907;1082;179;798 4 4
547711 1639 4 722 223;432;827;1408 39 3
547784 1640 38 940 1402;485;1005;1141;948;1136;985;940;769;509;418;1130;916;601;1171;710;1312;860;1350;939;820;1348;656;598;1068;1107;609;891;1093;1111;884;490;1154;1081;870;573;1282;1360 2 6
547797 1641 4 922 602;1531;561;996 1 2
547978 1642 2 1139 920;1358 310 5
548050 1643 42 873 405;1172;761;833;1058;953;1276;887;595;660;563;689;828;1215;166;1298;1223;1552;967;863;1725;1126;953;754;357;1348;1148;1553;175;1358;735;1075;528;1054;768;270;238;674;705;943;499;729 8 5
548607 1644 4 854 917;950;810;739 2 6
548800 1645 2 912 1018;807 5 1
548856 1646 10 1026 1357;1557;819;1279;489;1125;621;978;1501;533 14 9
548861 1647 1 571 571 2 6
548897 1648 5 699 1211;707;351;675;549 2 6
548948 1649 3 965 1172;899;824 1 2
548997 1650 6 674 524;526;554;1177;675;589 27 3
549045 1651 3 702 132;575;1399 2 6
549084 1652 28 872 1510;744;1499;1240;614;498;1323;952;1278;834;332;1033;1030;617;1130;749;1011;669;265;862;1357;1000;327;974;193;1400;128;840 1 2
549209 1653 5 969 1247;657;698;1170;1075 21 2
549217 1654 6 1040 1057;1378;640;1110;818;1239 16 8
549254 1655 1 733 733 15 7
549327 1656 1 784 784 1 2
549362 1657 4 927 1214;1072;622;799 4 4
549543 1658 3 801 441;739;1223 5 1
549760 1659 1 862 862 5 1
549906 1660 3 1016 1439;1175;435 1 2
549977 1661 1 780 780 1 2
549986 1662 3 1226 1492;941;1245 26 7
550000 1663 6 1126 1274;766;743;1409;1361;1205 1 2
550041 1664 3 878 721;794;1119 1 2
550046 1665 3 709 551;1078;498 7 3
550124 1666 7 950 743;1138;1379;331;1422;1076;563 3 4
550158 1667 11 927 572;571;1285;1002;700;1655;546;751;987;1009;1118 10 8
550272 1668 2 1101 594;1608 28 8
550363 1669 34 891 1655;1313;874;1100;758;960;1648;884;936;1564;366;642;1041;1364;607;1422;923;594;1346;560;944;530;180;994;1040;752;777;578;212;1351;747;556;269;808 1 2
550543 1670 1 933 933 4 4
550568 1671 3 979 1231;1130;577 1 2
550598 1672 1 598 598 24 6
550666 1673 2 632 768;497 1 2
550686 1674 11 843 986;366;579;579;1128;940;946;1326;207;825;1396 4 4
550787 1675 21 797 710;287;75;453;460;867;1594;743;529;847;743;455;1235;1374;602;565;346;1500;1219;1232;901 10 8
550792 1676 2 917 608;1226 17 4
550843 1677 2 984 861;1107 28 8
550894 1678 2 831 169;1493 1 2
550953 1679 10 803 251;429;817;506;1250;1358;690;988;1164;575 10 8
550972 1680 2 808 1227;388 2 6
551254 1681 5 714 477;1059;750;717;567 127 1
551278 1682 6 806 948;579;1591;487;370;862 1 2
551314 1683 3 835 903;717;886 1 2
551703 1684 46 954 915;920;1397;458;1720;1015;1195;1234;784;652;1011;1208;1165;1604;1019;1048;730;444;781;513;804;1531;1236;609;470;804;673;1010;1158;600;1352;1098;684;1024;726;667;750;1151;1425;1031;742;1301;1360;247;1383;233 27 3
551716 1685 2 855 469;1241 2 6
551777 1686 1 1077 1077 185 1
551838 1687 3 806 672;459;1288 55 7
551991 1688 3 1091 1111;805;1357 209 4
552070 1689 2 918 581;1254 2 6
552175 1690 11 895 733;821;498;1069;1331;1045;916;177;723;1058;1473 5 1
552366 1691 8 904 572;1101;1045;1077;1015;1224;443;754 3 4
552377 1692 4 816 391;853;1246;774 39 3
552744 1693 22 755 552;794;851;1044;758;1120;710;546;154;958;808;612;1018;1352;495;160;797;459;1124;818;1150;324 7 3
552804 1694 2 673 1023;323 1 2
553008 1695 8 978 570;1099;1241;1209;794;664;1190;1058 6 2
553096 1696 15 827 1367;602;832;995;719;1513;815;239;568;523;743;1192;610;1335;352 27 3
553163 1697 10 779 1135;572;1116;992;421;270;357;1085;1010;836 7 3
553189 1698 6 935 607;1433;937;192;1454;988 8 5
553888 1699 2 928 538;1319 201 9
554097 1700 3 745 371;960;903 1 2
554119 1701 3 779 494;1267;575 9 4
554190 1702 6 1016 1376;1027;955;1020;1111;608 3 4
554412 1703 2 1048 1387;709 2 6
554439 1704 11 852 653;455;950;1333;1163;443;328;1359;996;377;1316 1 2
554635 1705 5 1064 1122;931;1390;1112;763 10 8
554694 1706 8 898 1438;627;1034;577;617;1473;877;539 105 8
554697 1707 2 1061 1110;1012 4 4
554850 1708 5 853 1188;980;838;1151;109 2 6
554931 1709 27 956 1151;75;831;320;648;795;820;1162;537;1460;181;654;1516;1333;921;1152;660;1666;674;738;1060;994;1597;1611;809;1269;1185 4 4
555019 1710 3 897 1068;802;822 1 2
555117 1711 2 1056 1505;606 4 4
555143 1712 5 1258 797;1397;1249;1309;1540 17 4
555214 1713 3 1040 1482;890;748 6 2
555223 1714 2 844 221;1468 2 6
555346 1715 3 742 634;607;986 11 2
555704 1716 7 994 645;827;881;1357;1298;1237;714 1 2
555758 1717 2 1148 603;1692 4 4
555962 1718 5 913 999;780;1261;852;672 93 8
558374 1719 7 815 689;1206;1574;859;458;253;667 21 2
558453 1720 3 628 204;1056;623 51 7
558620 1721 2 703 572;834 26 7
558641 1722 1 473 473 7 3
558724 1723 3 856 1321;346;901 3 4
558730 1724 1 362 362 1 2
558771 1725 6 1046 548;1430;1698;1384;940;276 52 9
558797 1726 7 697 1060;1532;226;952;108;915;86 3 4
558825 1727 15 771 313;1633;901;764;788;869;1018;612;712;1210;796;284;426;380;852 1 2
558920 1728 5 843 1252;783;943;878;361 187 5
559035 1729 5 923 1112;764;1245;1297;197 5 1
559149 1730 7 879 1615;1013;621;567;109;1125;1104 1 2
559318 1731 9 970 435;1132;1230;1089;1162;683;563;1449;989 1 2
559452 1732 2 864 877;850 2 6
559858 1733 7 870 1136;553;1088;396;726;780;1410 9 4
559919 1734 10 1105 585;1600;931;1171;1024;1379;1152;1055;851;1303 4 4
559982 1735 4 746 82;98;1359;1445 4 4
560509 1736 4 931 941;340;1303;1141 32 3
560677 1737 15 913 691;1128;931;1076;1431;582;667;879;736;634;446;997;1171;1451;872 2 6
560979 1738 4 802 637;825;379;1367 1 2
561068 1739 27 886 1017;1164;663;1396;929;938;566;879;130;82;840;981;965;347;947;1369;1132;1077;794;637;1154;1106;1229;1298;807;692;772 1 2
561154 1740 2 1156 784;1529 1 2
561177 1741 11 1021 697;1244;793;1425;235;1150;1264;661;1454;834;1476 27 3
561185 1742 37 969 717;1260;1434;604;1084;330;1657;1006;1118;691;1116;1489;451;1142;1499;84;1194;904;1580;918;1500;1155;534;972;1512;631;1395;1275;331;862;645;892;1024;991;194;902;763 1 2
561318 1743 10 814 941;635;611;1115;1087;506;1016;1142;140;945 1 2
561365 1744 5 911 742;694;700;1154;1264 8 5
561568 1745 10 679 391;1230;1073;478;644;702;1137;142;361;636 1 2
562263 1746 1 801 801 5 1
563070 1747 1 1199 1199 1 2
563097 1748 1 1570 1570 1 2
563184 1749 2 1010 865;1154 33 2
563225 1750 8 657 348;841;385;441;702;1041;836;663 1 2
563367 1751 8 933 869;934;808;1160;1091;441;1128;1032 1 2
563387 1752 3 681 682;682;678 1 2
563451 1753 1 161 161 2 6
563501 1754 2 1075 716;1434 35 9
564771 1755 1 1035 1035 1 2
564814 1756 4 1140 904;1428;1012;1216 6 2
564939 1757 1 503 503 3 4
565180 1758 4 856 1036;484;1169;735 1 2
565389 1759 31 1089 954;1074;420;1147;1593;233;1531;1293;1054;1253;731;1254;1144;1038;1157;1170;1430;1327;1166;608;1343;943;765;1322;1172;1498;854;1570;938;1141;622 1 2
565568 1760 26 796 967;993;469;542;179;1224;438;929;693;352;1172;1120;330;521;1004;1195;973;556;896;702;544;838;414;988;1233;1432 6 2
565613 1761 1 1200 1200 6 2
565680 1762 1 559 559 1 2
565706 1763 4 834 1204;406;830;897 1 2
567351 1764 6 1042 582;207;1638;1335;1212;1279 1 2
567455 1765 9 1079 1057;982;616;717;1423;1448;1323;480;1661 3 4
567479 1766 2 1542 1491;1592 1 2
567600 1767 3 1364 1372;1437;1283 107 2
567845 1768 8 729 1001;646;1046;527;437;166;1562;444 5 1
567902 1769 59 860 892;804;970;1268;735;1421;574;1435;1048;579;988;1444;600;839;729;1025;980;767;733;625;1565;801;1297;416;473;1086;794;784;266;1235;1133;441;925;461;325;862;960;642;668;458;1358;459;687;1044;1218;770;277;1562;571;264;743;780;1300;875;716;1021;1227;932;880 1 2
568065 1770 1 1285 1285 1 2
568111 1771 2 920 912;928 153 3
568207 1772 16 972 661;1545;914;1509;783;532;1597;1287;197;987;607;1236;1261;905;774;754 5 1
568617 1773 12 1154 268;1193;793;1055;723;1421;1043;1160;1330;1604;1584;1672 36 7
568625 1774 1 1019 1019 18 5
568853 1775 4 1104 876;1288;905;1349 4 4
568939 1776 1 1503 1503 4 4
569712 1777 2 670 331;1010 1 2
569744 1778 10 917 1345;1556;941;911;1157;1189;688;346;479;561 1 2
570207 1779 4 653 621;602;463;926 2 6
571064 1780 3 907 579;892;1251 72 1
571143 1781 10 946 1316;1248;245;1149;1090;694;1264;896;762;796 2 6
571199 1782 3 888 574;1010;1079 8 5
571397 1783 10 1054 1025;1288;820;1321;661;821;1557;1177;852;1015 280 1
571447 1784 2 1284 1504;1063 9 4
572088 1785 2 737 996;478 24 6
572098 1786 11 1024 936;1118;1605;1073;818;1500;455;438;1117;1152;1057 1 2
572210 1787 3 789 1029;820;519 23 7
572501 1788 2 970 941;998 1 2
572553 1789 2 544 271;816 5 1
573407 1790 5 890 330;484;822;1306;1508 7 3
573512 1791 2 926 1122;730 2 6
573542 1792 5 1035 1342;1098;1377;643;716 1 2
573845 1793 1 639 639 20 8
573976 1794 2 1126 997;1255 3 4
574214 1795 5 1219 1000;1061;1169;1167;1699 1 2
574477 1796 3 881 833;474;1336 21 2
574866 1797 2 850 1348;353 1 2
574879 1798 1 1136 1136 2 6
575010 1799 3 992 1000;938;1039 15 7
575059 1800 1 921 921 21 2
576101 1801 3 570 361;392;956 7 3
576127 1802 2 544 989;99 1 2
576190 1803 3 938 1098;748;967 35 9
576487 1804 1 353 353 4 4
577123 1805 2 796 733;858 3 4
577199 1806 1 1090 1090 2 6
577679 1807 3 951 784;891;1178 2 6
577763 1808 3 1200 1470;1161;968 4 4
578427 1809 3 1077 555;1104;1571 2 6
578550 1810 14 848 259;1138;1020;673;804;818;1231;1096;638;610;1537;513;636;896 74 8
578573 1811 3 1419 1615;1253;1390 1 2
578764 1812 1 1135 1135 26 7
579190 1813 3 1336 1007;1468;1532 1 2
579277 1814 7 914 1267;1515;192;1315;1030;714;364 3 4
579384 1815 4 834 425;1132;1174;603 1 2
580139 1816 6 990 1174;1623;830;706;391;1217 7 3
580327 1817 4 717 957;836;354;721 52 9
580504 1818 4 945 1131;471;748;1430 1 2
580663 1819 5 921 953;1481;1120;804;247 23 7
583338 1820 3 866 503;1233;861 30 8
583525 1821 12 843 190;1054;1084;1601;863;1082;280;353;509;1096;1218;788 170 6
583634 1822 2 946 1253;639 2 6
583880 1823 5 1157 1419;1129;1097;1085;1053 111 8
584953 1824 3 773 1142;170;1008 1 2
585814 1825 4 821 819;1168;750;547 1 2
585912 1826 8 872 1288;1544;663;1170;1079;437;701;96 1 2
586013 1827 4 1089 821;948;1142;1446 1 2
586266 1828 9 813 267;1113;593;1182;783;1118;732;625;905 3 4
586796 1829 9 870 927;1228;521;1009;1099;1372;1055;63;557 27 3
586872 1830 5 664 510;1031;489;795;493 5 1
588085 1831 18 866 1167;137;958;631;929;837;994;1104;555;566;1179;841;1240;493;1288;1241;927;500 55 7
588109 1832 9 899 902;1032;488;1592;580;880;1534;592;490 4 4
588312 1833 33 891 1147;558;682;258;1014;865;719;203;880;1373;824;439;549;644;1173;278;1109;852;1568;309;1092;1306;1277;1427;828;1101;686;974;862;1632;1117;574;1079 1 2
590249 1834 4 955 1147;542;1722;409 1 2
590505 1835 2 1196 977;1414 8 5
590807 1836 2 897 801;993 1 2
592392 1837 5 727 1195;989;87;413;950 1 2
592411 1838 2 1278 1320;1236 3 4
592561 1839 20 903 890;1010;983;481;862;497;415;1006;1474;389;1398;1373;690;1296;1341;899;1100;1179;446;323 1 2
595842 1840 10 782 1308;803;613;603;641;973;575;740;1278;286 11 2
595894 1841 5 727 968;774;351;848;694 161 2
596966 1842 4 1157 883;1013;1276;1455 1 2
597790 1843 36 909 1159;259;773;932;795;716;1039;634;1166;519;767;665;1325;1085;1065;957;1198;849;1016;116;938;612;223;1537;1085;1255;1355;1610;790;1377;680;1399;760;608;381;1078 9 4
600976 1844 1 353 353 1 2
604190 1845 3 830 803;382;1304 3 4
605318 1846 3 1199 1558;607;1431 2 6
